0.0625		0	0	0	0	0	0	0	0	0	0
0.125		0	0	0	0	0	0	0	0	0	0
0.1875		0	0	0	0	0	0	0	0	0	0
0.25		0	0	0	0	0	0	0	0	0	0
0.3125		0	0	0	0	0	0	0	0	0	0
0.375		0	0	0	0	0	0	0	0	0	0
0.4375		0	0	0	0	0	0	0	0	0	0
0.5		0	0	0	0	0	0	0	0	0	0
0.5625		0	0	0	0	0	0	0	0	0	0
0.625		0	0	0	0	0	0	0	0	0	0
0.6875		0	0	0	0	0	0	0	0	0	0
0.75		0	0	0	0	0	0	0	0	0	0
0.8125		0	0	0	0	0	0	0	0	0	0
0.875		0	0	0	0	0	0	0	0	0	0
0.9375		0	0	0	0	0	0	0	0	0	0
1		0	0	0	0	0	0	0	0	0	0
1.0625		0	0	0	0	0	0	0	0	0	0
1.125		0	0	0	0	0	0	0	0	0	0
1.1875		0	0	0	0	0	0	0	0	0	0
1.25		0	0	0	0	0	0	0	0	0	0
1.3125		0	0	0	0	0	0	0	0	0	0
1.375		0	0	0	0	0	0	0	0	0	0
1.4375		0	0	0	0	0	0	0	0	0	0
1.5		0	0	0	0	0	0	0	0	0	0
1.5625		0	0	0	0	0	0	0	0	0	0
1.625		0	0	0	0	0	0	0	0	0	0
1.6875		0	0	0	0	0	0	0	0	0	0
1.75		0.0019	0.0025	0.004	0.0055	0.0017	0.0114	0.014	0.0301	0.0503	0.0528
1.8125		0.0664	0.1451	0.1801	0.2981	0.3554	0.4591	0.4692	0.5485	0.6555	0.7758
1.875		0.5503	0.878	1.1966	1.7004	2.2158	2.6194	3.1765	3.6977	3.9369	4.4225
1.9375		1.5151	1.8116	2.0566	2.3663	2.5693	2.7904	3.1707	3.5654	3.8076	4.0639
2		2.0863	2.1863	2.2812	2.1929	2.1996	2.3884	2.3574	2.3449	2.5556	2.7267
2.0625		2.2012	2.0219	2.048	2.1341	2.1246	2.2843	2.4299	2.3164	2.4584	2.6856
2.125		2.1758	2.0256	2.1994	2.3938	2.5442	2.6381	2.8688	3.0359	3.3177	3.5065
2.1875		1.8635	1.9255	2.1551	2.2642	2.524	2.6435	2.8164	3.1513	3.3586	3.6087
2.25		1.3795	1.4669	1.6385	1.6591	1.7838	1.8934	1.9509	2.1382	2.3416	2.4268
2.3125		0.948	0.949	0.9958	0.9835	1.0246	1.076	1.0377	1.1528	1.2006	1.2309
2.375		0.7161	0.6389	0.6224	0.551	0.5678	0.5689	0.5505	0.5462	0.6126	0.658
2.4375		0.6923	0.4949	0.4397	0.401	0.3999	0.4101	0.4109	0.3646	0.37	0.433
2.5		0.7563	0.5293	0.4661	0.4099	0.3801	0.409	0.3841	0.337	0.3636	0.3901
2.5625		0.8994	0.6451	0.5869	0.5361	0.4375	0.4889	0.4529	0.3778	0.4675	0.4693
2.625		1.0636	0.8131	0.7744	0.6854	0.5839	0.5857	0.5789	0.515	0.6016	0.6092
2.6875		1.2201	1.0228	0.9756	0.8654	0.7681	0.7954	0.7396	0.7453	0.7831	0.7973
2.75		1.2928	1.261	1.1654	1.0649	0.998	0.9678	0.9337	0.9431	1.0249	0.99
2.8125		1.2589	1.3927	1.2768	1.1952	1.2198	1.1361	1.1125	1.1338	1.1619	1.1655
2.875		1.2101	1.3899	1.2946	1.2377	1.3114	1.2349	1.2768	1.2749	1.3377	1.3673
2.9375		1.1056	1.2943	1.2513	1.272	1.3355	1.2664	1.3523	1.3674	1.48	1.6233
3		1.0048	1.1483	1.1487	1.1946	1.2632	1.2934	1.4046	1.4493	1.5733	1.8311
3.0625		0.951	1.008	1.021	1.1271	1.1653	1.2379	1.3803	1.4868	1.604	1.8893
3.125		0.9169	0.8976	0.9279	1.0378	1.0662	1.1617	1.2438	1.3775	1.5222	1.7202
3.1875		0.879	0.8329	0.8761	0.974	0.9696	1.0582	1.1335	1.22	1.3506	1.4449
3.25		0.8693	0.8287	0.8276	0.895	0.8891	0.9659	1.0334	1.0576	1.1924	1.1899
3.3125		0.9153	0.8294	0.8023	0.8226	0.84	0.8598	0.9391	0.9349	1.0356	1.0355
3.375		0.9348	0.8736	0.7944	0.7979	0.7998	0.7797	0.8514	0.8559	0.9421	0.9202
3.4375		0.917	0.89	0.7786	0.7899	0.7742	0.7587	0.7579	0.7727	0.8554	0.8153
3.5		0.9003	0.8595	0.807	0.7987	0.765	0.7457	0.7366	0.7501	0.8001	0.7705
3.5625		0.9155	0.8924	0.8469	0.8223	0.8024	0.775	0.7618	0.7962	0.8204	0.8288
3.625		0.9381	0.9494	0.9156	0.8735	0.842	0.8317	0.8315	0.8273	0.8736	0.9038
3.6875		1.0148	1.012	1.0111	0.9249	0.9084	0.8919	0.9005	0.8972	0.967	1.0079
3.75		1.0484	1.0669	1.028	1.02	0.9663	0.9788	0.9709	0.9556	1.0681	1.1089
3.8125		1.0949	1.1117	1.0711	1.0896	1.0053	1.0495	1.0552	1.0384	1.12	1.152
3.875		1.1379	1.1407	1.1227	1.1303	1.0457	1.0833	1.095	1.1051	1.1538	1.21
3.9375		1.1464	1.168	1.1333	1.136	1.074	1.0694	1.0749	1.0795	1.1252	1.2538
4		1.1007	1.1236	1.1205	1.0663	1.0408	1.0319	1.0133	1.0165	1.0881	1.1607
4.0625		1.0212	1.0831	1.061	1.0108	1.0183	0.9883	0.9369	0.9514	0.9804	1.0429
4.125		0.9285	0.9833	0.9878	0.9461	0.9562	0.9234	0.9055	0.8846	0.9219	0.9666
4.1875		0.8741	0.8783	0.9243	0.9097	0.928	0.8916	0.8812	0.8622	0.8794	0.9449
4.25		0.8584	0.83	0.88	0.8526	0.9065	0.8914	0.8922	0.8641	0.8739	0.9278
4.3125		0.8853	0.8233	0.8676	0.8726	0.8964	0.8774	0.9034	0.8667	0.9076	0.9248
4.375		0.8946	0.8468	0.8833	0.8791	0.901	0.9095	0.9192	0.8966	0.938	0.9822
4.4375		0.9245	0.8691	0.9115	0.9231	0.9325	0.9329	0.9561	0.9303	0.9916	1.023
4.5		0.9593	0.9225	0.9431	0.9989	0.9553	0.9754	1.001	0.9633	1.0084	1.0518
4.5625		0.9911	0.9693	1.0038	1.0449	1.0025	1.0197	1.0017	1.0293	1.0632	1.0946
4.625		1.0292	1.0102	1.0399	1.0843	1.0562	1.0441	1.0162	1.0812	1.07	1.1553
4.6875		1.045	1.045	1.0689	1.0858	1.0768	1.0946	1.0592	1.1415	1.1289	1.1926
4.75		1.0406	1.0528	1.0791	1.0803	1.0985	1.091	1.082	1.1553	1.1806	1.2046
4.8125		1.0496	1.0588	1.0811	1.0863	1.0723	1.0604	1.0931	1.1596	1.1776	1.207
4.875		1.0539	1.0684	1.0771	1.068	1.0785	1.059	1.1063	1.1357	1.155	1.2049
4.9375		1.0496	1.0546	1.057	1.0725	1.0482	1.0586	1.1012	1.1168	1.1717	1.1984
5		1.0249	1.0443	1.0447	1.061	1.0255	1.0351	1.0767	1.1045	1.1405	1.197
5.0625		1.0318	1.0416	1.0199	1.0552	1.0072	1.0045	1.0779	1.0757	1.1281	1.1807
5.125		1.0467	1.0381	1.0101	1.0335	1.0127	0.9887	1.0682	1.054	1.0926	1.1656
5.1875		1.0414	1.0358	1.0072	1.025	1.0094	0.9823	1.0383	1.0463	1.0836	1.1212
5.25		1.0443	1.0176	1.0301	1.0028	0.9859	0.9881	1.0323	1.0114	1.0418	1.0886
5.3125		1.0443	1.0245	1.0367	1.01	0.9797	0.9893	1.0154	1.005	1.0155	1.0565
5.375		1.0342	1.0217	1.0267	1.0052	0.9866	0.9898	1.0136	0.9787	0.9894	1.0146
5.4375		1.0348	1.0252	1.0156	0.9939	1.0072	0.9938	1.0186	0.9668	0.9806	0.987
5.5		1.0251	1.0167	1.0164	0.9876	0.9986	1.0309	1.0063	1.0029	1.0117	1.0067
5.5625		1.0164	1.024	1.0316	1.0003	0.9935	1.0259	0.9997	0.994	0.9955	1.0013
5.625		1.0218	1.0072	1.0412	1.0037	1.0052	1.0182	1.0064	1.0027	0.9972	1.0416
5.6875		0.9858	1.0138	1.0138	0.985	1.0064	1.0352	0.9947	1.0174	0.9701	1.0517
5.75		0.9668	0.996	0.9919	0.9784	1.0098	1.0248	0.9895	0.9921	0.987	1.0402
5.8125		0.9536	0.9928	0.9663	0.958	0.9816	1.0035	0.9738	0.9835	0.9849	1.0235
5.875		0.9396	0.9731	0.93	0.961	0.9739	0.999	0.9419	0.9729	0.9869	1.0046
5.9375		0.9415	0.9537	0.9207	0.9455	0.9655	0.9633	0.9426	0.9753	0.9616	1.0072
6		0.9259	0.9255	0.9289	0.9256	0.9546	0.9513	0.9348	0.9471	0.9697	0.9827
6.0625		0.9191	0.9305	0.9144	0.9265	0.9513	0.9362	0.9266	0.9194	0.9442	0.9792
6.125		0.9128	0.9146	0.9083	0.9162	0.9443	0.925	0.8947	0.9242	0.9232	0.9645
6.1875		0.9481	0.9166	0.9093	0.9174	0.95	0.9196	0.9341	0.9251	0.9002	0.9532
6.25		0.9675	0.9342	0.9335	0.9269	0.9403	0.9195	0.9236	0.9262	0.8806	0.929
6.3125		0.9657	0.9398	0.9493	0.9432	0.9411	0.9414	0.9356	0.9133	0.897	0.9163
6.375		0.9629	0.9613	0.9508	0.9551	0.9444	0.9478	0.9213	0.9025	0.9065	0.9024
6.4375		0.9632	0.9787	0.9776	0.9695	0.9309	0.9461	0.9284	0.9152	0.8936	0.9285
6.5		0.979	1.0008	0.9982	0.986	0.9395	0.9464	0.9243	0.9155	0.9071	0.9256
6.5625		0.9851	0.9856	0.9917	0.991	0.9456	0.9484	0.9362	0.9213	0.9146	0.9339
6.625		0.9934	0.991	0.9935	0.9897	0.9659	0.966	0.9447	0.9302	0.9123	0.9307
6.6875		1.004	0.9924	0.9942	0.9815	0.9651	0.9594	0.954	0.9642	0.9388	0.9441
6.75		1.0105	1.0006	1.0211	0.9903	0.9867	0.9781	0.972	0.9616	0.9396	0.9526
6.8125		1.0134	1.0166	1.0153	0.9985	0.9778	0.9738	0.9641	0.9813	0.9474	0.9631
6.875		1.0254	1.0131	1.0076	0.9831	0.9922	0.97	0.9777	0.9793	0.9646	0.964
6.9375		1.0393	1.0201	1.0086	1.0061	1.0022	0.9782	0.9913	0.9855	0.9654	0.9765
7		1.0409	1.0271	1.0154	1.0173	1.0005	0.9765	0.9673	1.0004	0.9623	0.9739
7.0625		1.0383	1.0384	1.017	1.0098	1.0119	0.986	0.971	0.9809	0.9673	0.9858
7.125		1.0441	1.0296	1.0236	1.0155	1.0181	1.0019	0.986	0.9728	0.9544	0.9908
7.1875		1.0329	1.0224	1.0121	1.0136	1.0167	1.0058	0.9927	0.9873	0.978	0.985
7.25		1.034	1.025	1.0297	1.0128	1.0193	1.0023	0.9901	1.0024	0.9832	0.9967
7.3125		1.0325	1.038	1.0332	1.0258	1.0235	1.0043	1.0066	0.9868	0.9948	0.99
7.375		1.0273	1.0449	1.0244	1.0214	1.0268	1.0115	1.0158	0.9974	0.9863	0.974
7.4375		1.0296	1.0409	1.0386	1.0098	1.0326	1.0163	1.0125	1.0007	0.9936	0.9857
7.5		1.0251	1.0404	1.0328	1.0186	1.0413	1.0124	1.0174	0.995	0.9895	0.9975
7.5625		1.0305	1.0369	1.0302	1.0274	1.0412	1.0253	1.0131	0.9978	0.9855	0.9972
7.625		1.032	1.031	1.032	1.0158	1.0297	1.0365	1.0019	1.0069	0.9761	0.9823
7.6875		1.0267	1.0336	1.0217	1.0052	1.0299	1.0279	1.0086	1.0029	0.9846	0.9865
7.75		1.0171	1.0242	1.0164	1.0066	1.0264	1.0312	1.0121	0.9925	0.9816	0.9947
7.8125		1.0049	1.0141	1.0148	0.9891	1.0164	1.0256	1.0167	0.9895	1.0007	0.9963
7.875		1.0005	1.0123	1.0178	0.9976	1.018	1.0203	1.0211	0.9858	0.9924	0.9865
7.9375		0.9991	1.0147	1.0256	0.9984	1.0109	1.0219	1.0154	0.9984	0.9806	0.9827
8		0.9964	1.0021	1.0253	1.0132	1.0315	1.0159	1.0178	0.9925	0.989	0.994
8.0625		0.9892	0.999	1.0238	1.0046	1.0303	1.0127	1.0101	0.9894	0.978	0.9923
8.125		0.9813	0.9849	1.0151	1.0182	1.0173	1.0079	1.0071	0.9987	0.978	0.9862
8.1875		0.9725	0.9855	1.0064	1.0064	1.0059	1.0123	0.9984	0.9928	0.9734	0.9756
8.25		0.9693	0.9838	1.0018	1.0044	0.9888	0.9924	0.9916	0.987	0.9766	0.9652
8.3125		0.9721	0.9808	0.9974	1.0001	0.9902	0.9949	0.9776	0.9928	0.9893	0.9566
8.375		0.9719	0.9745	0.9908	0.9832	0.9932	0.9926	0.9739	0.9925	0.9907	0.9503
8.4375		0.9742	0.9755	0.9961	0.9818	0.9882	0.9892	0.9848	0.9923	0.9901	0.9461
8.5		0.9745	0.9701	0.989	0.9814	0.99	0.9856	0.9853	0.9958	0.9781	0.9449
8.5625		0.9657	0.9802	0.9927	0.9821	0.9933	0.9812	0.9813	0.9872	0.9832	0.9451
8.625		0.9696	0.9775	0.9971	0.9844	0.9967	0.9838	0.9642	0.9895	0.9745	0.9426
8.6875		0.9851	0.9834	0.9903	0.9859	0.9953	0.9852	0.9833	0.9796	0.9491	0.9425
8.75		0.9848	0.9801	0.9788	0.9855	0.9881	0.9805	0.984	0.9772	0.9443	0.9537
8.8125		0.9813	0.9828	0.9708	0.9966	0.9846	0.9893	0.9817	0.9889	0.9625	0.9682
8.875		0.9907	0.9909	0.9722	0.9998	0.9877	0.9849	0.9785	0.9816	0.9634	0.9622
8.9375		0.9927	0.9981	0.9677	0.9958	0.9876	0.9845	0.9765	0.9701	0.9494	0.9595
9		0.9914	0.9933	0.9708	0.9906	0.9854	0.984	0.9887	0.9702	0.9601	0.9608
9.0625		0.9906	0.9983	0.9761	0.9946	0.9822	0.9816	0.9912	0.9799	0.9565	0.9515
9.125		0.9863	0.99	0.981	0.9903	0.9876	0.98	0.9844	0.9732	0.9536	0.964
9.1875		1.0007	0.9912	0.9804	0.9801	0.9838	0.981	0.9758	0.971	0.9488	0.963
9.25		0.9968	0.9903	0.9889	0.9854	0.9886	0.9872	0.9736	0.976	0.9489	0.9585
9.3125		1.002	0.9873	0.9921	0.9978	0.9929	0.9793	0.9684	0.9659	0.9423	0.9471
9.375		1.0006	0.9941	0.9942	0.9958	0.9934	0.9768	0.9684	0.9633	0.9575	0.958
9.4375		0.9968	0.9995	0.9951	1.0035	1.0027	0.9808	0.9692	0.9711	0.977	0.9594
9.5		1.0028	0.9977	0.9891	1	0.9947	0.9849	0.9804	0.9753	0.9888	0.9695
9.5625		1.0006	0.9942	0.9899	0.999	1	0.999	0.9879	0.9765	0.9866	0.9741
9.625		1.0065	0.9873	0.9945	0.9974	0.9997	1.0038	0.9936	0.9877	0.9964	0.98
9.6875		1.009	0.9895	1.0019	1.0036	1.0033	1.0148	0.9897	0.9886	0.9979	0.9745
9.75		1.0123	0.9893	1.0041	1.0058	0.9942	0.9987	0.9982	0.9806	0.9909	0.9744
9.8125		1.0077	0.992	0.9951	1.0028	1.0028	1.0016	0.9929	0.9862	0.992	0.966
9.875		1.0148	0.9975	1.0013	1.0126	0.9997	1.0043	1.0003	0.9861	0.9903	0.9788
9.9375		1.0031	1.0061	0.999	1.0157	0.9982	1.0014	1.0059	0.9822	0.986	0.9756
10		1.0058	1.0084	0.9972	1.0233	1.0126	1.0061	1.0048	0.9916	0.9893	0.9742
10.0625		1.0028	1.0178	1.0045	1.0213	1.0125	1.0055	1.0063	0.9934	0.989	0.9774
10.125		1.0082	1.0265	1.0031	1.0122	1.0094	1.0011	1.004	0.9878	0.984	0.9822
10.1875		1.0089	1.0252	1.0074	1.0052	1.0144	1.0068	0.9979	0.9978	0.9895	0.9667
10.25		1.006	1.0183	1.0117	0.9985	1.0174	1.004	1.0051	1.0033	0.9838	0.9688
10.3125		1.0029	1.0104	0.9999	0.9946	1.0171	1.0081	0.9996	0.9934	0.9779	0.9662
10.375		1.0051	1.0065	0.9984	0.9897	1.0147	1.008	1.005	0.9962	0.9881	0.9634
10.4375		1.0071	1.0045	0.9985	0.9969	1.0118	1.0068	1.0004	1.0026	0.9869	0.9562
10.5		1.0126	1.0028	0.9976	1.0141	1.0017	1.0137	0.9881	1.0033	0.9895	0.9673
10.5625		1.0162	1.0089	0.9966	1.0072	0.9957	1.0103	0.9947	1.013	0.9876	0.9709
10.625		1.0122	1.0072	0.9951	1.0084	0.9959	1.0093	0.9958	1.0119	0.9774	0.9752
10.6875		1.0065	1.0091	0.9929	1.009	1.0021	1.0006	0.9934	1.0075	0.9815	0.974
10.75		1.0059	1.0073	0.9764	1.0024	1.0112	0.991	0.9802	1.0066	0.9757	0.9726
10.8125		1.0028	1.0064	0.9819	1.0052	0.9981	0.9888	0.9807	1.0088	0.9816	0.9834
10.875		0.9996	1.0064	0.9797	0.9946	0.9898	0.9886	0.9929	1.0004	0.9942	0.9789
10.9375		0.9986	1.0039	0.9853	1.003	0.9875	0.9897	0.9903	0.994	0.9892	0.978
11		1.0017	1.0012	0.9907	1.0007	0.9857	0.9847	1.0007	0.9823	0.989	0.9875
11.0625		0.9956	0.9953	0.9973	0.9942	0.9871	0.9833	0.9997	0.9897	0.9836	0.9857
11.125		0.9883	0.9972	0.9976	1.0031	0.9817	0.9765	1.0057	0.9931	0.9833	0.9863
11.1875		0.9893	0.9914	1.0063	1.0005	0.9893	0.9807	0.9914	0.9998	0.9851	0.9758
11.25		0.987	0.9899	1.0147	0.9943	0.9848	0.9927	0.9975	0.9988	0.9886	0.9766
11.3125		0.9839	0.9902	1.0155	0.9942	0.9748	0.981	0.9905	0.9889	0.9897	0.9731
11.375		0.9793	0.9934	1.0122	0.9942	0.9757	0.9851	0.9876	0.9846	0.9852	0.9607
11.4375		0.9747	0.9881	1.0108	0.9962	0.9826	0.997	0.9936	0.9874	0.9801	0.9642
11.5		0.9755	0.9813	1.0109	1.004	0.9858	1.0034	1.0036	0.9967	0.9748	0.9707
11.5625		0.9762	0.9817	1.0101	1.0018	0.9917	0.9958	1.0076	0.9898	0.9799	0.9754
11.625		0.9759	0.9834	1.0126	1.0112	0.9862	0.9871	1.0097	0.9878	0.9736	0.9636
11.6875		0.9744	0.9786	0.9975	1.0148	0.9857	0.9829	1.0046	0.9849	0.9831	0.9621
11.75		0.9763	0.9809	0.9933	1.0062	0.9899	0.9851	0.9961	0.9848	0.9842	0.9695
11.8125		0.974	0.9823	0.9954	0.9957	0.9919	0.9871	1.002	0.9934	0.9896	0.9721
11.875		0.9776	0.9805	0.9949	0.9941	0.9972	0.9895	1.0052	0.9947	0.9885	0.9648
11.9375		0.9667	0.98	0.9861	0.9972	0.9986	0.9866	0.9962	0.9931	0.9801	0.9529
12		0.9665	0.9832	0.9835	0.9989	1.0022	0.9881	1.0041	0.994	0.9885	0.9655
12.0625		0.9705	0.9885	0.9837	0.996	1.0038	0.9877	1	0.9963	0.9973	0.9666
12.125		0.9741	0.9786	0.9925	0.9991	1.0035	0.992	0.9939	1.0026	1.0045	0.9612
12.1875		0.9766	0.9797	0.9856	0.9924	1.0068	0.9872	0.9868	0.9952	0.9932	0.968
12.25		0.9757	0.9818	0.9884	0.9854	1.0038	1.0001	0.9853	0.9978	0.9924	0.9808
12.3125		0.978	0.9796	0.9866	0.9861	1.0007	1.0093	0.9884	1.0007	0.9959	0.9803
12.375		0.9786	0.9773	0.9823	0.9886	1.0012	1.003	0.9794	0.9961	0.9867	0.9795
12.4375		0.9762	0.9831	0.9896	0.9841	0.998	1.0037	0.9794	0.996	0.9901	0.9853
12.5		0.9742	0.9875	0.9876	0.9828	0.9989	1.014	0.9801	0.9833	0.9966	0.9899
12.5625		0.9799	0.9827	0.9888	0.9902	0.9933	1.0187	0.9837	0.9904	0.9912	0.9848
12.625		0.9789	0.9833	0.9952	0.9877	1.0008	1.0129	0.9914	0.9827	0.9946	0.9708
12.6875		0.9753	0.9793	0.9956	0.987	1.0064	1.0102	1.0034	0.9836	0.99	0.9703
12.75		0.9817	0.9819	0.9896	0.991	0.9976	1.0062	1.0039	0.9815	0.9861	0.9768
12.8125		0.9859	0.9914	0.9824	0.9847	0.993	1.0107	1.009	0.9778	0.9946	0.9742
12.875		0.9892	0.9812	0.9798	0.9808	0.9896	1.0112	1.0108	0.9783	0.9973	0.9787
12.9375		0.99	0.9793	0.9765	0.9864	0.9866	1.0096	1.0108	0.9832	1.0012	0.9954
13		0.9787	0.9709	0.9776	0.9812	0.9788	1.0012	1.0122	0.9922	0.9987	0.9896
13.0625		0.9845	0.9759	0.9793	0.9865	0.9781	1.0065	1.0097	0.9911	1.0008	0.986
13.125		0.982	0.9795	0.9734	0.9844	0.9748	1.0011	1.0189	1.002	0.9933	0.9733
13.1875		0.9823	0.9816	0.9736	0.9849	0.9896	1.0012	1.0171	1.0057	1.0029	0.9717
13.25		0.9824	0.9891	0.9713	0.9779	0.98	0.9992	1.0167	1.0108	1.0078	0.9777
13.3125		0.986	0.9843	0.9736	0.9777	0.9771	1.0092	1.0099	1.0166	1.0008	0.9768
13.375		0.9899	0.9828	0.9758	0.9709	0.9755	1.003	0.9976	1.0144	1.006	0.9759
13.4375		0.9897	0.9863	0.9813	0.9759	0.9769	0.9976	1.0019	1.0176	1.0107	0.9677
13.5		0.9981	0.994	0.9864	0.977	0.9796	0.9935	1.0139	1.014	1.0135	0.9734
13.5625		0.9967	0.9939	0.9854	0.9741	0.9774	1.0019	1.0047	1.0111	1.0004	0.9735
13.625		0.998	0.9861	0.9813	0.9854	0.976	0.9958	0.9964	1.0128	1.0041	0.9649
13.6875		0.9997	0.992	0.9841	0.9847	0.977	0.9967	0.9938	1.0083	1.0109	0.9732
13.75		0.9983	0.9859	0.9816	0.9883	0.977	0.9864	0.9912	1.0063	1.0024	0.967
13.8125		0.9956	0.9896	0.9856	0.9845	0.9807	0.9799	0.9979	1.0141	0.9984	0.9731
13.875		0.9955	0.9901	0.988	0.9839	0.9782	0.9781	0.9958	1.0175	1.0017	0.9793
13.9375		0.9962	0.9933	0.988	0.9825	0.9763	0.9758	0.9976	1.007	1.0021	0.9848
14		0.9932	0.9856	0.9863	0.9822	0.9844	0.9794	0.9934	1.0054	0.9952	0.9828
14.0625		0.9987	0.9889	0.9838	0.9731	0.9816	0.9821	0.9925	1.0016	1.0059	0.9909
14.125		1.0014	0.9864	0.9857	0.9697	0.9849	0.9834	0.9855	0.9852	1.0088	0.9924
14.1875		0.9987	0.9904	0.9851	0.9706	0.9826	0.9846	0.9872	0.9806	1.0155	0.9879
14.25		1.003	0.9925	0.984	0.9785	0.9808	0.9784	0.9972	0.9881	1.0059	0.9858
14.3125		0.999	0.9954	0.9857	0.9791	0.9855	0.9695	0.9869	0.9954	1.0024	0.991
14.375		0.998	1.0006	0.9848	0.98	0.9896	0.9774	0.9905	0.9976	1.0009	1.0041
14.4375		0.9994	0.9977	0.9927	0.9838	0.9891	0.9745	0.9906	0.9983	1.0008	1.0096
14.5		0.996	0.9983	0.9961	0.9831	0.989	0.971	0.9834	0.9963	0.9931	1.0087
14.5625		0.9969	0.9935	1	0.986	0.9987	0.9768	0.9841	0.9943	0.994	1.0064
14.625		0.9975	1.0011	0.9988	0.9933	0.9937	0.9811	0.9842	0.9875	0.9924	1.0001
14.6875		0.9988	0.9983	1.0081	0.9955	0.9873	0.9773	0.9749	0.9848	0.9885	0.9904
14.75		1.0022	1.0008	1.0099	1.003	0.9881	0.9724	0.9755	0.9833	0.9974	0.9988
14.8125		1.0047	0.995	1.0115	0.9943	0.9948	0.9754	0.9798	0.9837	1.0018	0.9876
14.875		1.0057	0.9949	1.0064	0.9963	0.9898	0.9843	0.9865	0.9873	0.9988	0.9935
14.9375		1.001	0.9899	1.0095	0.9931	0.9925	0.9931	0.9863	0.9815	0.9853	0.9883
15		1.0015	0.9909	1.0017	0.9963	0.996	0.9934	0.969	0.9793	0.9904	0.9847
15.0625		0.9985	0.9881	0.9988	0.9968	0.9974	0.9915	0.978	0.9857	0.994	0.9907
15.125		1.0022	0.9985	0.9942	0.9982	0.9967	0.9905	0.9805	0.9915	0.9939	0.9922
15.1875		0.9979	1.0074	0.9905	1.0072	0.9975	0.9851	0.987	0.9916	0.9943	0.9915
15.25		1.0047	1.0122	0.995	1.0062	0.9933	0.993	0.985	0.9899	0.9964	0.9942
15.3125		1.0061	1.0138	1.0008	1.0034	0.9865	0.9997	0.9854	0.9903	0.9945	0.9856
15.375		1.0107	1.0063	0.9972	1.0008	0.9875	0.9951	0.9867	0.9905	0.9948	0.9851
15.4375		1.0108	1.0025	0.9957	1.0023	0.9961	0.9946	0.9934	0.9854	0.9878	0.9838
15.5		1.0156	0.9971	0.9914	0.9999	0.9963	0.9878	0.99	0.9883	0.9881	0.9834
15.5625		1.0129	0.9947	0.9958	0.9999	0.9968	0.993	0.992	0.9948	0.9881	0.9831
15.625		1.0058	0.9981	0.9942	0.9983	0.9957	0.9946	0.9897	0.9872	0.9955	0.9861
15.6875		1.0038	0.9965	0.9957	0.9943	0.9907	0.9915	0.9898	0.9837	0.9877	0.989
15.75		1.0037	0.9905	0.9938	0.9964	1.0004	1.0001	0.9815	0.9849	0.9835	0.9844
15.8125		1.0006	0.9908	0.9955	0.9977	0.9979	1.0014	0.9825	0.9805	0.9836	0.9852
15.875		1.0001	0.9906	0.9973	0.9878	1.0002	0.9989	0.9769	0.9796	0.9875	0.9795
15.9375		1.002	0.9963	0.9993	0.9893	0.9982	1.0039	0.9835	0.9847	0.9784	0.9755
16		1.0022	0.9967	0.998	0.9907	0.9971	1.0001	0.9832	0.9825	0.976	0.9776
