Sn 1 O 2.89643928601 0.0123246581693 2.11243862261 0.00110725260583 0.00446755491727 3.18685688896e-05
Sn 2 O 2.57330500777 0.0969455170764 2.18045325879 0.00251323709181 0.0206042870631 0.000379905429595
Sn 3 O 2.85487469866 0.0241117418099 2.14758508793 0.00102400138586 0.00633794336609 5.72192013244e-05
Sn 4 O 2.88020436192 0.0154913354202 2.15267753472 0.00148851753521 0.00536226780126 3.88950791439e-05
Sn 5 O 2.92361525093 0.00636347529987 2.11152321326 0.00106462223556 0.0030348632516 9.88657875163e-06
Sn 6 O 2.04295259321 0.0851631538415 2.12595332731 0.0026921634473 0.00347303221047 3.08477526735e-05
Sn 7 O 2.7425640555 0.0604758137927 2.14170119302 0.00211452109274 0.0124276467705 0.000225503664662
Sn 8 O 3.32507139587 0.139887841717 2.22181147788 0.00249093925066 0.0221872333308 0.000322361440808
Sn 9 O 2.88795964548 0.0140167916109 2.14541322545 0.00149114469082 0.00492719772033 3.29986771652e-05
Sn 10 O 2.89482608515 0.0104900738531 2.1256985527 0.00128520332065 0.00429234681109 1.95359390914e-05
Sn 11 O 2.86763919925 0.0364178553602 2.16835144241 0.00163846273255 0.00938798999457 0.000204104349402
Sn 12 O 2.74344595731 0.0655765232171 2.15568212887 0.00206310314984 0.011938071734 0.000194180565212
Sn 13 O 2.99123926152 0.167454537074 2.19466082497 0.00303443661818 0.0235200771682 0.000418505866912
Sn 14 O 2.82573735185 0.0278771753071 2.13309630195 0.000934501615484 0.00741086149562 6.03401213673e-05
Sn 15 O 2.54617895706 0.0951262108746 2.12586200404 0.00170183421638 0.0216339018561 0.000456034040659
Sn 16 O 2.79962930857 0.046524664038 2.0979870947 0.0017436170714 0.00904000585727 0.000134658898112
Sn 17 O 2.00324118136 0.0661586426806 2.06849495829 0.00176178229086 0.00567423323892 7.27723336501e-05
Sn 18 O 2.93447371304 0.00376644361623 2.10905024386 0.00120965652202 0.00257332025874 5.51866771963e-06
Sn 19 O 2.87474870523 0.01357112601 2.14750178846 0.00130819645079 0.00536228616922 3.00689809428e-05
Sn 20 O 2.92961843048 0.00461828917211 2.12695162221 0.00077887176795 0.00283916395495 7.23017223058e-06
Sn 21 O 2.84520705203 0.0256659393021 2.13482379171 0.00138342260896 0.00716360598866 8.02439427869e-05
Sn 22 O 2.93583602982 0.0127280521374 2.12664571732 0.00127228662417 0.00623605270301 0.000142748958487
Sn 23 O 2.92387383188 0.057468980294 2.18520814342 0.00252608249614 0.012097129809 0.000304056779879
Sn 24 O 1.90142482371 0.0125043439387 2.08508218766 0.00134871838154 0.00629215744988 6.20304865097e-05
Sn 25 O 2.84987903135 0.0421511317567 2.17714252365 0.00215708096747 0.0110826678997 0.000212260721459
Sn 26 O 2.08032964659 0.0661424382388 2.18393231626 0.0037690219008 0.017694251326 0.000665074385798
Sn 27 O 2.98242925428 0.0766581205743 2.13988934461 0.00227831812666 0.0113857739446 0.000212652359005
Sn 28 O 2.83726801576 0.0319349999676 2.14975807516 0.00117792689506 0.00716586438348 8.24915544045e-05
Sn 29 O 2.91544156626 0.00791275182755 2.08057076924 0.001070643263 0.0033681190654 1.48610573465e-05
Sn 30 O 2.98616030441 0.0518519625943 2.13151163497 0.00196912375817 0.0119536062672 0.000227645263894
Sn 31 O 2.86786861305 0.0153045084552 2.10812180476 0.0014053478116 0.0054932166838 3.02745555814e-05
Sn 32 O 1.89456957321 0.0288489039869 2.1593047411 0.00274825524049 0.00592462058416 8.69503715164e-05
Sn 33 O 3.22080701749 0.111674683481 2.18027505155 0.00247336808552 0.0210549267299 0.000286499862175
Sn 34 O 2.90678698575 0.00899993730239 2.1035090842 0.0012923382655 0.00373646355906 1.5867639126e-05
Sn 35 O 2.73430423353 0.0527272150232 2.14261072336 0.00151363569372 0.0126344269478 0.000160812495303
Sn 36 O 2.90109734106 0.00976327209808 2.14850696474 0.00114046037545 0.00414343709405 1.79101544298e-05
Sn 37 O 2.54726465555 0.0980956452478 2.11267977095 0.00303891376508 0.0210345782729 0.000310512044525
Sn 38 O 2.81725866831 0.0228793956407 2.12811473786 0.00131964261323 0.00811716004653 6.22039348847e-05
Sn 39 O 1.87519613558 0.0156733009307 2.1310046044 0.00146599395633 0.00853600987137 9.44692329672e-05
Sn 40 O 2.89992333952 0.0282403322003 2.1137397879 0.00124131530745 0.0104262630908 0.000220875026629
Sn 41 O 5.28132890292 0.154573108249 2.11744974597 0.000874687307117 0.0139219278301 7.63175726452e-05
Sn 42 O 2.91007709666 0.00789964611158 2.13926402802 0.00111754734636 0.003725569737 1.42773980298e-05
Sn 43 O 2.90761807943 0.0098915237112 2.10780665511 0.00115003238788 0.00386140774437 2.24688440946e-05
Sn 44 O 2.85511888964 0.0207286599221 2.11400239018 0.00126896915129 0.00643726768818 5.82116223275e-05
Sn 45 O 2.83007915522 0.02084578031 2.13151873436 0.00099399252744 0.00727275270395 4.64905344422e-05
Sn 46 O 2.87048985511 0.0143546348101 2.12680887314 0.00124500345757 0.00525824881425 2.50156620328e-05
Sn 47 O 2.95158792805 0.0791626058148 2.1423532277 0.00131550249186 0.0266747576583 0.000396484273671
Sn 48 O 2.94886889195 0.0391545849598 2.17138249963 0.00156808918086 0.0114259599739 0.000264770511425
Sr 49 O 4.58642708658 0.281894907876 2.52911168756 0.00199782409016 0.0362223078617 0.000398760327517
Sr 50 O 5.0458640713 0.245379504514 2.54634980041 0.00232681072681 0.0232571027455 0.000293093223135
Sr 51 O 4.46796838717 0.184381380761 2.50049355269 0.00178983782938 0.0209320417826 0.000297673896513
Sr 52 O 5.51896156054 0.28885493951 2.5876687472 0.00197833363871 0.0289839342076 0.000262215489278
Sr 53 O 4.28496821465 0.256419871587 2.5316903109 0.00225728036237 0.0305749187048 0.000429171984056
Sr 54 O 5.71043269353 0.490418601103 2.59875381585 0.00318515705038 0.0290981573412 0.00029545612296
Sr 55 O 4.22565702755 0.224174101305 2.51644630962 0.00296780536765 0.0230776814767 0.000278958858651
Sr 56 O 6.17206754704 0.173121976511 2.55554446747 0.00134119605397 0.0227152050964 0.000172863611175
Sr 57 O 4.10469392222 0.270033098566 2.50287866175 0.00299854102778 0.0407856756095 0.000629373838375
Sr 58 O 5.14188129072 0.234578691485 2.53027889286 0.00217249616635 0.0234845874996 0.000249148373563
Sr 59 O 5.34832663434 0.213839500234 2.53008736706 0.00212088548579 0.0200880632918 0.00022194571923
Sr 60 O 4.46322424269 0.288526297588 2.51285454088 0.0026076038015 0.033678475436 0.00039091199683
Sr 61 O 5.40746816197 0.341379496934 2.56316575401 0.00208057579611 0.0289541847585 0.000326794012794
Sr 62 O 3.91058384122 0.168778269583 2.48324100559 0.00214539645381 0.0239302470349 0.000472966629868
Sr 63 O 3.48045544195 0.27086562177 2.49765294539 0.00510066223256 0.0359506386411 0.000658138083579
Sr 64 O 5.15310954568 0.203038845709 2.53550217004 0.00203951416159 0.0263576688439 0.000249521622332
Sr 65 O 6.25195814773 0.210049260654 2.60396855447 0.00181405841683 0.0190345598703 0.000126299440242
Sr 66 O 4.29231682368 0.215538700372 2.51759017553 0.00285349823217 0.0247452299706 0.000344800116173
Sr 67 O 3.01644470081 0.0964253116559 2.45845669279 0.00313944134043 0.0179804347902 0.000518491463408
Sr 68 O 5.40670837154 0.206507340294 2.54319691425 0.00159250002863 0.0250713612639 0.00029741897523
Sr 69 O 5.40721521177 0.189908137675 2.56546622104 0.00201535220613 0.0181171181121 0.000202676066182
