Sn 1 O 1.95146307013 0.0051278800999 2.17240856441 0.00199990078809 0.00325578460945 2.70111643325e-05
Sn 2 O 2.91929400091 0.00807102371316 2.09352388995 0.00135032250357 0.00316653277093 1.36294580134e-05
Sn 3 O 2.88729448994 0.0150663332427 2.16398745075 0.00114860370178 0.00507056177678 3.9977211276e-05
Sn 4 O 1.96951241681 0.00255218684822 2.1268168472 0.00162292845477 0.00192279844735 1.07544447508e-05
Sn 5 O 2.8788040126 0.0155679147127 2.16443841916 0.000972973753459 0.00558211470741 4.44244059511e-05
Sn 6 O 2.92083707303 0.00731081546712 2.12591183178 0.000807916842142 0.00324551432734 1.37083939219e-05
Sn 7 O 2.88598657025 0.0213619124973 2.16934504441 0.00119589534333 0.00482699793093 4.11259788471e-05
Sn 8 O 2.82935776585 0.0483430592246 2.15820663727 0.0013034485018 0.00703062616403 0.000113622954894
Sn 9 O 2.9072218711 0.0107669202717 2.16351345606 0.00102559229258 0.00398026203697 2.28043094498e-05
Sn 10 O 1.96817982628 0.00218459892848 2.07539451763 0.0017706875931 0.00189361406352 8.07505669075e-06
Sn 11 O 1.85149273551 0.0347028858748 2.13432815544 0.00242812267999 0.0115034449241 0.000324930328868
Sn 12 O 2.82853513389 0.0212873993498 2.13414558102 0.00114211775453 0.00762604376738 5.69692280246e-05
Sn 13 O 3.48211788546 0.155604208345 2.15716655585 0.00133608833366 0.01659316091 0.000210949198829
Sn 14 O 1.89578394069 0.0154938699594 2.08237533483 0.00135989803887 0.00696142166609 0.000107560656124
Sn 15 O 1.97016206043 0.0022339063527 2.08197640658 0.00146295887151 0.0018020441769 9.00739950986e-06
Sn 16 O 2.83332186691 0.0240495731539 2.16166675511 0.0011958872612 0.00748567139129 6.38006495334e-05
Sn 17 O 2.66630877359 0.082066185402 2.16219150432 0.00161074082007 0.0156308247348 0.000279735832697
Sn 18 O 2.96684179827 0.113281606711 2.13636025982 0.00281727419805 0.0098281317289 0.000133955835728
Sn 19 O 2.86277810328 0.0236297635625 2.13276385848 0.00173945064943 0.00593516218061 5.60234569153e-05
Sn 20 O 2.90375752087 0.0103215742056 2.15890727176 0.0010379031995 0.00417359617503 2.26892039609e-05
Sn 21 O 2.87319597366 0.0254561627016 2.16835241184 0.00132093818818 0.00583706049126 7.07286962321e-05
Sn 22 O 2.87555850195 0.0163708205789 2.12990729687 0.00136189396319 0.0052282790879 3.32471237154e-05
Sn 23 O 2.85829512534 0.0210115550631 2.14059644811 0.00118898193602 0.00649600599737 6.64465192554e-05
Sn 24 O 2.87995029198 0.0129244746927 2.1260429239 0.00113363002865 0.00499290166209 2.55676842996e-05
Sn 25 O 2.39358025458 0.11797890416 2.08957167783 0.00164752051426 0.0202156875305 0.000386625370615
Sn 26 O 1.9624938265 0.00329697960789 2.13914768686 0.00159412860324 0.00238758627906 1.43175113784e-05
Sn 27 O 2.65830596337 0.0511106045471 2.12729095658 0.00149075814531 0.0153053444349 0.000140634692952
Sn 28 O 2.90029706432 0.0134403956642 2.13564802581 0.000960748687402 0.00438437761792 3.45422139138e-05
Sn 29 O 2.87397918815 0.016490929268 2.13474195838 0.00112724715261 0.00534702344599 3.47954889035e-05
Sn 30 O 2.8717957847 0.0174572129769 2.1422634137 0.00137890152744 0.00572413374151 4.86092351524e-05
Sn 31 O 2.93150568842 0.00419985807558 2.14554602132 0.000846338747433 0.00285205215081 7.60874712728e-06
Sn 32 O 2.73486483505 0.0732648361493 2.14064990371 0.00203329149782 0.0127687087384 0.000237283427059
Sn 33 O 2.81827843162 0.0278792667641 2.131027513 0.0010431474936 0.00763564966238 6.0740781754e-05
Sn 34 O 2.83722965706 0.0246426259854 2.15707270089 0.00146816700214 0.00764094288243 8.00752468474e-05
Sn 35 O 4.59736147465 0.0580872482219 2.05342856279 0.000458785635526 0.00953647555663 4.43944946259e-05
Sn 36 O 2.91209770963 0.00868934597788 2.15014694727 0.000893917677256 0.00378226027317 2.09363524139e-05
Sn 37 O 2.25155583715 0.169383889618 2.12030145311 0.00282479604312 0.00985564779563 0.000250895132911
Sn 38 O 2.604533295 0.0867298282134 2.10765150765 0.00157218410329 0.0187638812696 0.000315662355032
Sn 39 O 2.85292824387 0.0171053046019 2.11019545868 0.00122362136493 0.00619712623437 3.66939300244e-05
Sn 40 O 2.74896610712 0.0361224358504 2.08777115355 0.00119650909301 0.0113069336234 0.000104304493584
Sn 41 O 2.62502338572 0.0731219890091 2.12468932976 0.00184135506428 0.0182325177255 0.000253033677459
Sn 42 O 2.58408446163 0.0998787324117 2.13278294654 0.00221747176005 0.0177086445848 0.000280379295291
Sn 43 O 2.76591568934 0.0346976415373 2.13673351057 0.0013363409856 0.0100229862464 8.33232615495e-05
Sn 44 O 2.81268608938 0.0414582097621 2.13401452648 0.00167802454797 0.00778319497436 0.000102792397585
Sn 45 O 2.85023915782 0.0203420908576 2.14574964222 0.00139879928609 0.0065329988189 4.63061427867e-05
Sn 46 O 1.0 0.0 2.15437468804 0.00392491949462 0.0 0.0
Sn 47 O 3.15871132651 0.139419436701 2.20142184785 0.00240262059093 0.0207014811212 0.000325630638792
Sn 48 O 2.22850018117 0.0969144202939 2.08776310193 0.0018434985334 0.0168646977968 0.000490881820626
Sn 49 O 2.76219900352 0.0419164481818 2.10939066279 0.00108475385606 0.0106098197799 0.000121632461629
Sn 50 O 2.9094498568 0.0100196100278 2.15883534347 0.000994103788695 0.00383232404128 1.8779190841e-05
Sn 51 O 2.89698738089 0.0103197818701 2.14662517092 0.000932247859487 0.00434830855168 2.18675808049e-05
Sn 52 O 2.8680607834 0.017827481007 2.12335368853 0.00125282206604 0.00592368527194 4.77134116214e-05
Sn 53 O 2.87720270326 0.018583929215 2.16882583458 0.00163135224748 0.00568455562922 6.48451756327e-05
Sn 54 O 3.05381558189 0.144045076827 2.2242436676 0.00301468935639 0.027150345731 0.000525434277659
Sn 55 O 2.92752964939 0.00657341659201 2.13682911281 0.000775118839469 0.00290817407529 1.0185991667e-05
Sn 56 O 2.49761113951 0.169358648328 2.13447925168 0.00237739052491 0.00860825595232 0.000134670768963
Sn 57 O 2.91943985353 0.0378360345229 2.18329117682 0.00202741509046 0.00892937545314 0.000174797924383
Sn 58 O 2.9186442705 0.0237106572278 2.13152110982 0.00176582610104 0.0071593404965 0.000146449241338
Sn 59 O 2.87092213411 0.020950338365 2.0993957937 0.00126709702401 0.00578054140467 5.73651795783e-05
Sn 60 O 2.80324488092 0.0825835767258 2.15279869165 0.00130104688494 0.00692751988832 0.000151980844295
Sn 61 O 2.89004839103 0.0117571109027 2.14074346582 0.00121591388097 0.0045324538091 2.06752554164e-05
Sn 62 O 2.89146895048 0.0108356759643 2.16452079313 0.00131160151294 0.00456807151153 1.97376605942e-05
Sr 63 O 5.48639370294 0.448512017364 2.58085186907 0.00268357836041 0.0299624501189 0.000257586520054
Sr 64 O 4.36268591952 0.457293642244 2.54586408076 0.00322884717889 0.0379129275013 0.000410127656748
Sr 65 O 4.92826928302 0.204861282721 2.55078724926 0.0014840757445 0.0272154395767 0.000326099063367
Sr 66 O 4.07344820817 0.25980816943 2.50492803461 0.00254146265986 0.0213583420934 0.000332260115085
Sr 67 O 4.90806190931 0.374560835661 2.52553060517 0.00329385513198 0.0219936550904 0.000316413387956
Sr 68 O 4.46151326981 0.395971065375 2.54097727495 0.00283278754706 0.0340363843886 0.000405883532724
Sr 69 O 3.37212148853 0.114315976827 2.45572802965 0.00233555625626 0.0274927429642 0.000306469253469
