1.04999995 0.00000000 0.00000000 0.00000000 0.00000000 0.00000000 0.00000000 0.00000000 0.00000000 0.00000000 0.00000000
1.09999990 0.00000000 0.00000000 0.00000000 0.00000000 0.00000000 0.00000000 0.00000000 0.00000000 0.00000000 0.00000000
1.14999998 2.22222225E-05 1.88888880E-05 1.22222218E-05 1.66666669E-05 1.22222218E-05 8.88888917E-06 5.55555562E-06 1.11111112E-05 1.33333333E-05 7.77777768E-06
1.19999993 1.54444439E-04 1.35555558E-04 7.00000019E-05 8.33333324E-05 7.77777750E-05 5.66666677E-05 4.55555564E-05 4.44444449E-05 1.10000001E-04 9.00000014E-05
1.25000000 1.37777781E-04 1.06666666E-04 9.44444473E-05 7.33333363E-05 7.33333363E-05 5.88888906E-05 4.99999987E-05 5.33333332E-05 1.31111112E-04 1.22222220E-04
1.29999995 1.81111114E-04 1.16666670E-04 1.13333335E-04 8.44444439E-05 1.50000007E-04 1.48888896E-04 4.99999987E-05 8.88888899E-05 2.07777775E-04 1.57777773E-04
1.34999990 2.07777775E-04 1.46666673E-04 1.40000004E-04 1.32222223E-04 1.44444450E-04 1.34444446E-04 1.67777776E-04 1.10000001E-04 2.38888882E-04 2.22222225E-04
1.39999998 2.33333340E-04 2.37777771E-04 1.99999995E-04 1.67777776E-04 1.91111118E-04 1.85555560E-04 1.72222222E-04 9.99999975E-05 3.04444431E-04 2.80000007E-04
1.44999993 3.01111111E-04 3.51111114E-04 2.61111098E-04 2.38888882E-04 2.11111110E-04 2.80000007E-04 2.16666667E-04 1.76666668E-04 4.04444436E-04 3.67777771E-04
1.50000000 3.86666681E-04 3.81111109E-04 3.37777776E-04 2.98888888E-04 3.03333334E-04 4.16666677E-04 3.10000003E-04 2.01111106E-04 5.31111087E-04 4.88888880E-04
1.54999995 5.22222195E-04 4.28888889E-04 4.43333323E-04 3.81111109E-04 4.34444431E-04 5.43333357E-04 4.54444438E-04 2.61111098E-04 6.11111114E-04 6.28888898E-04
1.59999990 6.91111083E-04 6.31111092E-04 6.08888862E-04 4.98888898E-04 6.43333362E-04 6.75555551E-04 6.69999979E-04 4.45555546E-04 7.73333362E-04 7.99999980E-04
1.64999998 8.31111101E-04 7.50000007E-04 6.62222214E-04 6.47777750E-04 7.76666682E-04 9.46666638E-04 8.56666651E-04 5.69999975E-04 1.15666667E-03 9.94444476E-04
1.70000005 1.04888889E-03 9.77777760E-04 9.05555557E-04 9.96666611E-04 1.05111115E-03 1.23333337E-03 1.22333330E-03 8.34444421E-04 1.44999998E-03 1.43666670E-03
1.75000000 1.49333337E-03 1.31555554E-03 1.18222227E-03 1.27999997E-03 1.42555556E-03 1.54111115E-03 1.70222227E-03 1.24000001E-03 1.97777781E-03 2.26333342E-03
1.79999995 2.12999992E-03 1.83666672E-03 1.64111110E-03 1.69333338E-03 2.04333337E-03 2.19111121E-03 2.54000002E-03 1.63222221E-03 2.70999991E-03 3.31111113E-03
1.84999990 2.85777776E-03 2.36444455E-03 2.24222220E-03 2.40888889E-03 2.92888889E-03 2.98999995E-03 3.71000008E-03 2.61111115E-03 3.66111100E-03 4.78777755E-03
1.89999998 4.22888901E-03 3.43666668E-03 3.38999997E-03 3.81555548E-03 4.88111097E-03 4.54000011E-03 5.90333343E-03 4.43666661E-03 5.14222216E-03 7.55777769E-03
1.95000005 6.45555556E-03 5.68555575E-03 5.21444436E-03 6.74666651E-03 8.26333370E-03 7.34777795E-03 1.08011113E-02 7.36111123E-03 8.10888875E-03 1.28588891E-02
2.00000000 1.90922227E-02 1.59633327E-02 1.48166670E-02 2.15977784E-02 2.74677780E-02 2.00455561E-02 3.88911106E-02 2.95755547E-02 2.72755548E-02 4.18588892E-02
2.04999995 1.45666662E-03 1.87888893E-03 1.39111106E-03 1.45777781E-03 1.36777782E-03 1.92888884E-03 1.59555557E-03 1.60444446E-03 1.17222220E-03 1.53555558E-03
2.10000014 2.16888892E-03 2.68777786E-03 2.14222213E-03 2.23555556E-03 2.11777771E-03 2.60000001E-03 2.29222211E-03 2.14666664E-03 1.84111111E-03 2.36555561E-03
2.14999986 4.54666652E-03 4.75555565E-03 4.15777788E-03 4.63555567E-03 4.23333328E-03 4.66666650E-03 4.19555558E-03 3.93222226E-03 3.46222217E-03 4.11888910E-03
2.20000005 7.24000018E-03 7.71333324E-03 7.03777792E-03 7.77777797E-03 7.10333325E-03 7.75777781E-03 7.06888875E-03 6.64111134E-03 5.90555556E-03 6.94777770E-03
2.25000000 7.16777798E-03 8.42777733E-03 7.80333346E-03 8.20222218E-03 7.70333316E-03 8.32777750E-03 7.64888898E-03 7.51999998E-03 6.69222232E-03 7.79666658E-03
2.29999995 7.66111119E-03 9.04888846E-03 8.50444473E-03 9.02222190E-03 8.73888843E-03 9.18888859E-03 8.63444433E-03 8.58111121E-03 7.50555564E-03 8.86222254E-03
2.35000014 8.03777762E-03 9.77999996E-03 9.60888900E-03 9.74888913E-03 1.00611113E-02 1.03877774E-02 9.61333327E-03 1.00022219E-02 8.65666661E-03 9.92333330E-03
2.39999986 8.73555522E-03 1.12100001E-02 1.08188884E-02 1.14200003E-02 1.16455555E-02 1.21822227E-02 1.11855557E-02 1.15566663E-02 1.03233336E-02 1.15011111E-02
2.45000005 9.97777749E-03 1.28011107E-02 1.25366664E-02 1.33922221E-02 1.43388892E-02 1.38111115E-02 1.34800002E-02 1.36733335E-02 1.27466666E-02 1.36377774E-02
2.50000000 1.15922224E-02 1.50377778E-02 1.47266667E-02 1.54344449E-02 1.69511102E-02 1.65733341E-02 1.63611118E-02 1.67988893E-02 1.49200000E-02 1.60155557E-02
2.54999995 1.31844440E-02 1.72044449E-02 1.78399999E-02 1.82722230E-02 2.04744451E-02 1.98922213E-02 1.94177777E-02 1.92622226E-02 1.81633327E-02 1.90155562E-02
2.60000014 1.48455556E-02 1.99722219E-02 2.16199998E-02 2.23322231E-02 2.49733329E-02 2.37722229E-02 2.31955554E-02 2.35644449E-02 2.24222224E-02 2.30599996E-02
2.64999986 1.74588896E-02 2.39322223E-02 2.60511115E-02 2.66855564E-02 2.96855550E-02 2.90744454E-02 2.90033333E-02 2.89611109E-02 2.84344442E-02 2.86111105E-02
2.70000005 2.09411103E-02 2.90255547E-02 3.17200013E-02 3.23966667E-02 3.68588902E-02 3.63555551E-02 3.53044458E-02 3.60688902E-02 3.54844444E-02 3.55822220E-02
2.75000000 2.56155562E-02 3.53722237E-02 3.94088887E-02 4.09366675E-02 4.53766659E-02 4.58377786E-02 4.47555557E-02 4.53211106E-02 4.52933349E-02 4.45544459E-02
2.79999995 3.16922218E-02 4.29844446E-02 4.95955572E-02 5.24377786E-02 5.76255545E-02 5.83477765E-02 5.80577776E-02 5.88377789E-02 5.85299991E-02 5.76611124E-02
2.85000014 4.04155552E-02 5.40277772E-02 6.32655546E-02 6.87577799E-02 7.40077794E-02 7.59822205E-02 7.61866644E-02 7.87033364E-02 7.70211145E-02 7.59166703E-02
2.89999986 5.34522235E-02 6.80888891E-02 8.40055570E-02 9.25566703E-02 9.88933370E-02 0.100971110 0.103914447 0.108840004 0.106782220 0.103954442
2.95000005 7.20711127E-02 8.98655578E-02 0.115523331 0.128545552 0.134246662 0.144125551 0.146846667 0.156269997 0.154361114 0.146760002
3.00000000 0.103883334 0.128047779 0.172407776 0.200555563 0.200753331 0.222985551 0.229432225 0.245317772 0.243713334 0.229848891
3.04999995 1.27722220E-02 1.26822218E-02 9.42555536E-03 7.72333331E-03 6.14666659E-03 4.95666685E-03 3.72777786E-03 3.30888899E-03 3.78777785E-03 3.28444433E-03
3.09999990 1.64944436E-02 1.59233324E-02 1.23866666E-02 9.64222196E-03 7.62888882E-03 6.21777773E-03 4.70444467E-03 3.95222241E-03 5.03222225E-03 4.11222223E-03
3.15000010 2.35511120E-02 2.23411117E-02 1.79777779E-02 1.43299997E-02 1.18255559E-02 9.27333347E-03 6.99444441E-03 5.66222239E-03 7.38666672E-03 6.08444447E-03
3.20000005 2.63800006E-02 2.57533342E-02 2.04766672E-02 1.57411117E-02 1.30277779E-02 9.85666644E-03 7.77555536E-03 6.58888882E-03 8.20777752E-03 7.15222210E-03
3.25000000 2.43933331E-02 2.31377780E-02 1.81033332E-02 1.36333331E-02 1.12011107E-02 8.21333379E-03 6.32888870E-03 5.54111134E-03 7.18777766E-03 5.87777793E-03
3.29999995 2.34155562E-02 2.08877772E-02 1.66222230E-02 1.19377775E-02 9.78666637E-03 7.24333338E-03 5.74333314E-03 4.74555558E-03 6.16333354E-03 5.26222214E-03
3.34999990 2.23433338E-02 1.96044445E-02 1.55855557E-02 1.10933334E-02 9.14222188E-03 6.94999984E-03 5.37555572E-03 4.31777770E-03 5.41000022E-03 4.82555572E-03
3.40000010 2.28355564E-02 1.86855551E-02 1.46277780E-02 1.04688890E-02 8.30444414E-03 6.57333340E-03 5.16666658E-03 4.17666649E-03 4.88888891E-03 4.30000015E-03
3.45000005 2.26000007E-02 1.77811105E-02 1.39011107E-02 9.78333317E-03 7.81333353E-03 5.96555555E-03 4.69999993E-03 3.64666665E-03 4.40666685E-03 3.78888892E-03
3.50000000 2.25699991E-02 1.69933327E-02 1.34111112E-02 9.45444405E-03 7.24111125E-03 5.68444422E-03 4.56333347E-03 3.14333336E-03 4.00222233E-03 3.54222232E-03
3.54999995 2.24911105E-02 1.66111104E-02 1.27422223E-02 8.75222217E-03 6.80222223E-03 5.34111122E-03 4.01333347E-03 2.81777768E-03 3.75666656E-03 3.48333339E-03
3.59999990 2.18688883E-02 1.58888884E-02 1.20433336E-02 8.26444477E-03 6.28777780E-03 4.93999990E-03 3.70222214E-03 2.95555545E-03 3.49666667E-03 3.22444434E-03
3.65000010 2.14044452E-02 1.53255556E-02 1.14599997E-02 7.97444489E-03 5.88111114E-03 4.81333351E-03 3.36555555E-03 2.64999992E-03 3.19555565E-03 2.82555562E-03
3.70000005 2.13511102E-02 1.44777782E-02 1.10922223E-02 7.50999991E-03 5.42555563E-03 4.62555559E-03 3.22999991E-03 2.39333324E-03 2.97333323E-03 2.59666657E-03
3.75000000 2.09766664E-02 1.44722220E-02 1.05900001E-02 7.07666669E-03 4.73555550E-03 4.18111123E-03 2.89777783E-03 2.23555556E-03 2.65444443E-03 2.37222225E-03
3.79999995 2.01511104E-02 1.36044445E-02 1.00844447E-02 6.55888906E-03 4.45666676E-03 4.06333338E-03 2.61999993E-03 1.99111109E-03 2.28222227E-03 2.24555563E-03
3.84999990 1.87500007E-02 1.31400004E-02 9.35999956E-03 5.79111092E-03 4.08111094E-03 3.43000004E-03 2.35444447E-03 1.79000001E-03 2.05111108E-03 1.99777773E-03
3.90000010 1.71933342E-02 1.19233336E-02 8.40888917E-03 4.97444440E-03 3.55444453E-03 3.17333336E-03 2.15666671E-03 1.54444447E-03 1.86333328E-03 1.55444443E-03
3.95000005 1.49455555E-02 1.06577780E-02 7.17000011E-03 4.04666644E-03 2.82111112E-03 2.46555544E-03 1.58777775E-03 1.06555561E-03 1.56444439E-03 1.24333333E-03
4.00000000 1.16211111E-02 8.04222189E-03 4.87666670E-03 3.00777773E-03 1.79444440E-03 1.63444446E-03 1.03444443E-03 8.13333318E-04 8.16666696E-04 7.38888863E-04
4.05000019 6.91444427E-03 3.89999989E-03 1.66777777E-03 1.21888891E-03 4.57777787E-04 3.17777769E-04 2.82222230E-04 1.33333335E-04 7.55555520E-05 2.50000012E-04
4.10000038 7.06666661E-03 3.99555545E-03 1.70222227E-03 1.24666665E-03 4.66666679E-04 3.41111125E-04 2.66666670E-04 1.16666670E-04 5.33333332E-05 3.23333341E-04
4.15000057 7.13999989E-03 3.83999990E-03 1.67888892E-03 1.27666665E-03 5.05555538E-04 3.15555546E-04 3.00000014E-04 1.06666666E-04 6.88888904E-05 3.04444431E-04
4.20000029 6.66666683E-03 3.69888893E-03 1.57777779E-03 1.15111109E-03 4.10000008E-04 2.78888881E-04 2.24444448E-04 8.22222210E-05 6.33333329E-05 3.11111100E-04
4.25000000 5.76888910E-03 3.20444442E-03 1.38222217E-03 1.04777783E-03 3.46666668E-04 1.95555549E-04 1.61111107E-04 7.77777750E-05 4.33333335E-05 2.85555550E-04
4.30000019 5.39333327E-03 2.90444447E-03 1.23666669E-03 9.97777795E-04 2.35555563E-04 1.67777776E-04 1.51111104E-04 8.77777784E-05 2.77777781E-05 2.89999996E-04
4.35000038 4.94444463E-03 2.64555565E-03 1.07999996E-03 8.26666655E-04 2.43333328E-04 1.18888885E-04 1.53333327E-04 6.66666674E-05 3.55555567E-05 2.35555563E-04
4.40000057 4.48777759E-03 2.31666677E-03 9.28888912E-04 8.09999998E-04 2.09999998E-04 9.11111129E-05 9.33333358E-05 9.00000014E-05 2.33333340E-05 1.95555549E-04
4.45000029 3.99444439E-03 2.16333335E-03 7.75555556E-04 6.73333358E-04 1.92222229E-04 8.66666669E-05 9.22222243E-05 6.77777789E-05 1.99999995E-05 1.85555560E-04
4.50000000 3.81888892E-03 1.95555552E-03 6.79999997E-04 6.25555578E-04 1.78888891E-04 7.00000019E-05 6.55555559E-05 6.55555559E-05 1.88888880E-05 1.82222226E-04
4.55000019 3.72444442E-03 1.82444439E-03 6.45555556E-04 5.93333330E-04 1.33333335E-04 4.99999987E-05 3.99999990E-05 7.44444478E-05 1.77777783E-05 1.97777772E-04
4.60000038 3.18555557E-03 1.56333332E-03 6.42222236E-04 5.85555565E-04 1.11111112E-04 4.11111105E-05 4.33333335E-05 5.66666677E-05 9.99999975E-06 1.18888885E-04
4.65000057 2.86222226E-03 1.47000002E-03 4.61111107E-04 5.18888875E-04 4.22222220E-05 3.88888875E-05 3.33333337E-05 4.33333335E-05 5.55555562E-06 1.21111108E-04
4.70000029 2.62666657E-03 1.27000001E-03 5.06666664E-04 4.84444434E-04 7.33333363E-05 4.88888872E-05 3.11111107E-05 5.33333332E-05 3.33333332E-06 1.26666666E-04
4.75000000 2.29666661E-03 1.10555557E-03 3.68888897E-04 4.97777772E-04 3.44444452E-05 2.77777781E-05 1.11111112E-05 3.33333337E-05 6.66666665E-06 1.19999997E-04
4.80000019 2.03444436E-03 9.87777836E-04 3.05555557E-04 3.93333321E-04 2.55555551E-05 1.99999995E-05 1.44444448E-05 2.77777781E-05 6.66666665E-06 1.10000001E-04
4.85000038 1.78666669E-03 9.33333358E-04 2.45555566E-04 3.53333337E-04 2.99999992E-05 6.66666665E-06 5.55555562E-06 1.99999995E-05 3.33333332E-06 9.99999975E-05
4.90000057 1.34333328E-03 7.67777790E-04 1.83333337E-04 2.24444448E-04 1.77777783E-05 5.55555562E-06 6.66666665E-06 4.44444458E-06 3.33333332E-06 1.77777783E-05
4.95000029 1.12999999E-03 7.09999993E-04 1.71111111E-04 1.52222216E-04 1.11111112E-05 4.44444458E-06 5.55555562E-06 1.11111112E-05 4.44444458E-06 1.55555554E-05
5.00000000 9.85555584E-04 5.09999983E-04 1.73333334E-04 9.33333358E-05 1.66666669E-05 0.00000000 8.88888917E-06 0.00000000 0.00000000 1.66666669E-05
5.05000019 7.96666660E-04 4.49999992E-04 1.24444443E-04 6.11111100E-05 2.22222229E-06 0.00000000 0.00000000 0.00000000 0.00000000 1.11111115E-06
5.10000038 7.47777754E-04 3.69999994E-04 7.55555520E-05 5.66666677E-05 1.11111115E-06 0.00000000 0.00000000 0.00000000 0.00000000 1.11111115E-06
5.15000010 6.58888894E-04 3.37777776E-04 6.33333329E-05 5.33333332E-05 2.22222229E-06 0.00000000 0.00000000 0.00000000 0.00000000 2.22222229E-06
5.20000029 6.16666686E-04 2.98888888E-04 4.88888872E-05 5.88888906E-05 0.00000000 0.00000000 0.00000000 0.00000000 0.00000000 4.44444458E-06
5.25000048 5.69999975E-04 2.52222235E-04 5.88888906E-05 4.44444449E-05 1.11111115E-06 0.00000000 0.00000000 0.00000000 0.00000000 0.00000000
5.30000019 5.14444429E-04 2.20000002E-04 5.88888906E-05 3.88888875E-05 0.00000000 0.00000000 0.00000000 0.00000000 0.00000000 0.00000000
5.35000038 5.04444470E-04 2.35555563E-04 3.88888875E-05 2.66666666E-05 2.22222229E-06 0.00000000 0.00000000 0.00000000 0.00000000 0.00000000
5.40000010 4.18888900E-04 1.93333341E-04 3.77777760E-05 2.11111110E-05 4.44444458E-06 0.00000000 0.00000000 0.00000000 0.00000000 0.00000000
5.45000029 4.12222231E-04 1.65555553E-04 4.99999987E-05 1.66666669E-05 0.00000000 0.00000000 0.00000000 0.00000000 0.00000000 0.00000000
5.50000048 3.54444433E-04 1.27777777E-04 2.88888896E-05 8.88888917E-06 0.00000000 0.00000000 0.00000000 0.00000000 0.00000000 0.00000000
5.55000019 3.37777776E-04 9.99999975E-05 1.77777783E-05 1.33333333E-05 0.00000000 0.00000000 0.00000000 0.00000000 0.00000000 0.00000000
5.60000038 2.47777789E-04 8.11111095E-05 1.55555554E-05 1.55555554E-05 0.00000000 0.00000000 0.00000000 0.00000000 0.00000000 0.00000000
5.65000010 2.47777789E-04 7.55555520E-05 3.66666682E-05 7.77777768E-06 0.00000000 0.00000000 0.00000000 0.00000000 0.00000000 0.00000000
5.70000029 2.32222228E-04 8.22222210E-05 1.88888880E-05 7.77777768E-06 0.00000000 0.00000000 0.00000000 0.00000000 0.00000000 0.00000000
5.75000048 2.34444451E-04 6.66666674E-05 2.22222225E-05 5.55555562E-06 0.00000000 0.00000000 0.00000000 0.00000000 0.00000000 0.00000000
5.80000019 2.25555559E-04 4.77777794E-05 1.33333333E-05 1.11111112E-05 0.00000000 0.00000000 0.00000000 0.00000000 0.00000000 0.00000000
5.85000038 1.96666660E-04 3.88888875E-05 0.00000000 6.66666665E-06 0.00000000 0.00000000 0.00000000 0.00000000 0.00000000 0.00000000
5.90000010 1.19999997E-04 3.55555567E-05 0.00000000 0.00000000 0.00000000 0.00000000 0.00000000 0.00000000 0.00000000 0.00000000
5.95000029 1.34444446E-04 3.55555567E-05 0.00000000 2.22222229E-06 0.00000000 0.00000000 0.00000000 0.00000000 0.00000000 0.00000000
6.00000048 1.27777777E-04 3.44444452E-05 0.00000000 3.33333332E-06 0.00000000 0.00000000 0.00000000 0.00000000 0.00000000 0.00000000
6.05000019 1.40000004E-04 1.55555554E-05 0.00000000 0.00000000 0.00000000 0.00000000 0.00000000 0.00000000 0.00000000 0.00000000
6.10000038 1.31111112E-04 1.22222218E-05 0.00000000 0.00000000 0.00000000 0.00000000 0.00000000 0.00000000 0.00000000 0.00000000
6.15000010 1.17777781E-04 1.22222218E-05 0.00000000 0.00000000 0.00000000 0.00000000 0.00000000 0.00000000 0.00000000 0.00000000
6.20000029 9.77777745E-05 1.66666669E-05 0.00000000 0.00000000 0.00000000 0.00000000 0.00000000 0.00000000 0.00000000 0.00000000
6.25000048 8.11111095E-05 1.88888880E-05 0.00000000 0.00000000 0.00000000 0.00000000 0.00000000 0.00000000 0.00000000 0.00000000
6.30000019 9.00000014E-05 1.44444448E-05 0.00000000 0.00000000 0.00000000 0.00000000 0.00000000 0.00000000 0.00000000 0.00000000
6.35000038 1.01111109E-04 1.22222218E-05 0.00000000 0.00000000 0.00000000 0.00000000 0.00000000 0.00000000 0.00000000 0.00000000
6.40000010 9.66666703E-05 1.66666669E-05 0.00000000 0.00000000 0.00000000 0.00000000 0.00000000 0.00000000 0.00000000 0.00000000
6.45000029 9.66666703E-05 1.22222218E-05 0.00000000 0.00000000 0.00000000 0.00000000 0.00000000 0.00000000 0.00000000 0.00000000
6.50000048 9.33333358E-05 8.88888917E-06 0.00000000 0.00000000 0.00000000 0.00000000 0.00000000 0.00000000 0.00000000 0.00000000
6.55000019 8.55555554E-05 3.33333332E-06 0.00000000 0.00000000 0.00000000 0.00000000 0.00000000 0.00000000 0.00000000 0.00000000
6.60000038 6.33333329E-05 0.00000000 0.00000000 0.00000000 0.00000000 0.00000000 0.00000000 0.00000000 0.00000000 0.00000000
6.65000010 6.33333329E-05 0.00000000 0.00000000 0.00000000 0.00000000 0.00000000 0.00000000 0.00000000 0.00000000 0.00000000
6.70000029 4.77777794E-05 0.00000000 0.00000000 0.00000000 0.00000000 0.00000000 0.00000000 0.00000000 0.00000000 0.00000000
6.75000048 2.88888896E-05 0.00000000 0.00000000 0.00000000 0.00000000 0.00000000 0.00000000 0.00000000 0.00000000 0.00000000
6.80000019 2.66666666E-05 0.00000000 0.00000000 0.00000000 0.00000000 0.00000000 0.00000000 0.00000000 0.00000000 0.00000000
6.85000038 3.88888875E-05 0.00000000 0.00000000 0.00000000 0.00000000 0.00000000 0.00000000 0.00000000 0.00000000 0.00000000
6.90000010 3.99999990E-05 0.00000000 0.00000000 0.00000000 0.00000000 0.00000000 0.00000000 0.00000000 0.00000000 0.00000000
6.95000029 3.77777760E-05 0.00000000 0.00000000 0.00000000 0.00000000 0.00000000 0.00000000 0.00000000 0.00000000 0.00000000
7.00000048 2.44444436E-05 0.00000000 0.00000000 0.00000000 0.00000000 0.00000000 0.00000000 0.00000000 0.00000000 0.00000000
7.05000019 0.00000000 0.00000000 0.00000000 0.00000000 0.00000000 0.00000000 0.00000000 0.00000000 0.00000000 0.00000000
