Sn 1 O 1.89549577799 0.0111634358367 2.10801010727 0.00171424386359 0.00675374536546 5.71697893277e-05
Sn 2 O 3.41820549702 0.157198041015 2.20819698245 0.00259347501014 0.0174211637005 0.000217956197091
Sn 3 O 2.92112984091 0.00709858577222 2.10989694678 0.00103679402544 0.00314565144774 1.13280190535e-05
Sn 4 O 3.08295014488 0.124226786705 2.19182564569 0.00235304678422 0.025347007135 0.000395730038505
Sn 5 O 2.93004037623 0.0887095833559 2.14781568823 0.00218093115518 0.00989402579968 0.000184711255443
Sn 6 O 2.87552031102 0.0169550921696 2.16425772075 0.00206273670417 0.00548921016877 3.8122582405e-05
Sn 7 O 1.91475793789 0.0135145216422 2.09492756299 0.00207264856576 0.00566611021161 7.76037938454e-05
Sn 8 O 3.26172547992 0.118229303662 2.19175964947 0.00222017637732 0.0170958430881 0.000268178810267
Sn 9 O 2.8652001272 0.0199566878504 2.12077623836 0.000974221717587 0.00596333645505 5.26054113723e-05
Sn 10 O 2.89903269571 0.216906488622 2.16468237507 0.00267697894253 0.0131834348507 0.000287709856129
Sn 11 O 3.41382360344 0.108289540767 2.18153261918 0.00149674397701 0.019709853508 0.000211440654216
Sn 12 O 3.28183894676 0.253576108383 2.25130483474 0.0039352684242 0.0254921191299 0.000476873177962
Sn 13 O 2.84971237211 0.0215483725429 2.14196350978 0.00110122827332 0.00655747315065 6.22801763084e-05
Sn 14 O 3.42591060652 0.150532431757 2.16499568076 0.00183297959662 0.0170933451571 0.000177989437948
Sn 15 O 2.89002624485 0.072375918438 2.13208671581 0.0019082392834 0.0226063688571 0.000427027956342
Sn 16 O 2.86608074032 0.0184521121366 2.09228987819 0.00105304364659 0.00607118900559 6.13232426371e-05
Sn 17 O 3.2842915097 0.205049928477 2.19954939394 0.00195109440925 0.0205742033963 0.000303900310208
Sn 18 O 2.77411537775 0.0515324864899 2.16968819812 0.00212885306453 0.01229120748 0.000216232268278
Sn 19 O 2.93614554231 0.00513718016373 2.09174186671 0.000984695130137 0.00258339337687 1.09619096306e-05
Sn 20 O 2.94494762968 0.0488623143551 2.16081412482 0.00185905011742 0.00930843747513 0.000169491936155
Sn 21 O 2.78646281201 0.043779027699 2.13342714149 0.00162583181975 0.0102483655056 0.00014418083431
Sn 22 O 2.85506580374 0.0187100534117 2.12538576825 0.00120393950694 0.00621361821317 3.86900542841e-05
Sn 23 O 2.82721680811 0.027162881132 2.1484575541 0.00151880104881 0.0078420370751 7.26109076347e-05
Sn 24 O 2.86104432461 0.0288739347212 2.14408268229 0.00135530728242 0.00723799766641 0.000134682018528
Sn 25 O 2.7509024375 0.0709797100931 2.16423842765 0.00164283754229 0.0119277173791 0.000225436483101
Sn 26 O 3.93053288839 0.260539841494 2.18972193424 0.00230737747156 0.0201719423889 0.000245848091134
Sn 27 O 1.9559173923 0.00455290560857 2.10975614169 0.00170131367435 0.00274869851609 1.9823980387e-05
Sn 28 O 2.85006282691 0.0789660410364 2.15621282658 0.00172536380684 0.0176687872889 0.000321992050827
Sn 29 O 1.96221749057 0.00265589833249 2.11054948123 0.00161683694154 0.00233892703073 1.08314513987e-05
Sn 30 O 1.65985251264 0.0959457247006 2.18006109173 0.00359368998241 0.0237735661668 0.000889062750452
Sn 31 O 2.83204865161 0.0278992765719 2.12598517432 0.00145970276776 0.00761447186614 9.50506782014e-05
Sn 32 O 2.9044606698 0.00943066125557 2.13892844228 0.00125452626051 0.00390567536232 1.55975228362e-05
Sn 33 O 2.0092043946 0.0910499718657 2.14438673088 0.0034298253495 0.0328801554268 0.000790101135623
Sn 34 O 2.89055268928 0.0165028040992 2.13592117933 0.0012184545019 0.00521427989474 5.25770863668e-05
Sn 35 O 2.83565832524 0.0218422864756 2.1159225743 0.00109003502235 0.00684343621675 4.74665917377e-05
Sn 36 O 1.75852071094 0.0650217640193 2.11076339375 0.00267473748267 0.0170615954152 0.000514920460468
Sn 37 O 2.86140923651 0.0276405197593 2.12938761682 0.00135099637239 0.00908634980888 0.000134321391929
Sn 38 O 1.94625029005 0.0056375366285 2.08692435965 0.0017691907379 0.00335389452415 2.73133213039e-05
Sn 39 O 2.90447226373 0.0193232976976 2.1328661057 0.00123661316289 0.00607000951038 0.000101101598541
Sn 40 O 2.89074654477 0.117545500938 2.1711621349 0.00223312608848 0.0199256031955 0.000311332723731
Sn 41 O 2.73443192179 0.0918585898889 2.14819270402 0.00171200877595 0.0235773184739 0.00038546017372
Sn 42 O 2.89453245942 0.065716182388 2.14661177536 0.00223335610515 0.0150218996365 0.000260408791843
Sn 43 O 2.82424173273 0.0364927777236 2.17293547 0.0013615186757 0.0078294716475 0.000112789813043
Sn 44 O 4.61079788585 0.0675146823581 2.143670303 0.000963315978263 0.0105473805894 6.69849589479e-05
Sn 45 O 2.50342932267 0.133882975978 2.09121349981 0.00206568598841 0.0134375971837 0.000284768250866
Sn 46 O 1.95241429293 0.0302452970397 2.16736411881 0.00288890372798 0.00822793391881 0.00026911608974
Sn 47 O 2.52488169898 0.106996152475 2.15697165097 0.00293273996939 0.0226235023682 0.000376662414575
Sn 48 O 2.91213805823 0.0719086043419 2.13101586034 0.00196874775567 0.0153615264631 0.000290684467057
Sn 49 O 5.15668991892 0.283837631872 2.09195843269 0.00112688439755 0.00977319889507 9.90480995753e-05
Sn 50 O 2.92551282896 0.00595880394894 2.09209651971 0.00107962278761 0.00296065573223 1.01604761145e-05
Sn 51 O 2.87588588465 0.023498804281 2.15107281971 0.00144397336491 0.00678159596291 7.21905981113e-05
Sn 52 O 2.08856173281 0.0699751924553 2.11946533035 0.00303080056713 0.00858009922417 0.000259138818096
Sn 53 O 3.69783717613 0.0465554041385 2.12645551606 0.00132390465465 0.0113015172561 0.000110689443802
Sn 54 O 3.05249667336 0.174568951573 2.21294240167 0.00269279465362 0.0252901918632 0.000364667521008
Sn 55 O 2.10159644882 0.140841670669 2.13475379172 0.00326149408958 0.00611626895702 9.06522559395e-05
Sn 56 O 2.85910847454 0.0205612667623 2.17686367643 0.00167452085882 0.00623054962514 5.04668672092e-05
Sn 57 O 2.72849717347 0.143757532369 2.1432993323 0.00206921872065 0.0269563434203 0.00042886510587
Sn 58 O 1.0 0.0 2.14272649709 0.00504713786583 0.0 0.0
Sn 59 O 1.99428812309 0.0379802077275 2.09436196466 0.00156221333958 0.00675070053632 0.000149179287745
Sn 60 O 2.88843735014 0.0777370768801 2.12409489012 0.00208214688058 0.0116272344004 0.000155510753845
Sn 61 O 3.07163099283 0.106696559761 2.12085198918 0.00218718721895 0.0157349977274 0.000305250199174
Sn 62 O 3.30091199024 0.0993625683163 2.13173494331 0.00162271911035 0.02385026429 0.000230197068829
Sr 63 O 5.27840217526 0.274841511174 2.58751916955 0.00191995012812 0.0254068782747 0.000292493314539
Sr 64 O 4.49157770791 0.227682315033 2.51125431954 0.00231578966964 0.025020699739 0.000352450392628
Sr 65 O 4.62965426686 0.143986858868 2.52704048086 0.00188749631229 0.0224215312013 0.00025490131952
Sr 66 O 4.69192418673 0.123630626811 2.5218681548 0.00179752469865 0.01347232113 0.000139348490655
Sr 67 O 6.18909495081 0.455037878657 2.60073272253 0.0022954122652 0.0290857184708 0.000280054873065
Sr 68 O 6.00150049722 0.301468388781 2.57227783162 0.00223766877668 0.0286952671747 0.000217945139916
Sr 69 O 5.24414497936 0.187197628037 2.5612204304 0.00213134264048 0.0233428607716 0.000209345827469
