31.0000000	0.00000000	0.00000000	0.00000000	0.00000000	0.00000000	0.00000000	0.00000000
32.0000000	0.00000000	0.00000000	0.00000000	0.00000000	0.00000000	0.00000000	0.00000000
33.0000000	0.00000000	0.00000000	0.00000000	0.00000000	0.00000000	0.00000000	0.00000000
34.0000000	0.00000000	0.00000000	0.00000000	0.00000000	0.00000000	0.00000000	0.00000000
35.0000000	0.00000000	0.00000000	0.00000000	0.00000000	0.00000000	0.00000000	0.00000000
36.0000000	0.00000000	0.00000000	0.00000000	0.00000000	0.00000000	0.00000000	0.00000000
37.0000000	0.00000000	0.00000000	0.00000000	0.00000000	0.00000000	0.00000000	0.00000000
38.0000000	0.00000000	0.00000000	0.00000000	0.00000000	0.00000000	0.00000000	0.00000000
39.0000000	0.00000000	0.00000000	0.00000000	0.00000000	0.00000000	0.00000000	0.00000000
40.0000000	0.00000000	0.00000000	0.00000000	0.00000000	0.00000000	0.00000000	0.00000000
41.0000000	0.00000000	0.00000000	0.00000000	0.00000000	0.00000000	0.00000000	0.00000000
42.0000000	0.00000000	0.00000000	0.00000000	0.00000000	0.00000000	0.00000000	0.00000000
43.0000000	0.00000000	0.00000000	0.00000000	0.00000000	0.00000000	0.00000000	0.00000000
44.0000000	0.00000000	0.00000000	0.00000000	0.00000000	0.00000000	0.00000000	0.00000000
45.0000000	0.00000000	0.00000000	0.00000000	0.00000000	0.00000000	0.00000000	0.00000000
46.0000000	0.00000000	0.00000000	0.00000000	0.00000000	0.00000000	0.00000000	0.00000000
47.0000000	0.00000000	0.00000000	0.00000000	0.00000000	0.00000000	0.00000000	0.00000000
48.0000000	0.00000000	0.00000000	0.00000000	0.00000000	0.00000000	0.00000000	0.00000000
49.0000000	0.00000000	0.00000000	0.00000000	0.00000000	0.00000000	0.00000000	0.00000000
50.0000000	0.00000000	0.00000000	0.00000000	0.00000000	0.00000000	0.00000000	0.00000000
51.0000000	0.00000000	0.00000000	0.00000000	0.00000000	0.00000000	0.00000000	0.00000000
52.0000000	0.00000000	0.00000000	0.00000000	0.00000000	0.00000000	0.00000000	0.00000000
53.0000000	0.00000000	0.00000000	0.00000000	0.00000000	0.00000000	0.00000000	0.00000000
54.0000000	0.00000000	0.00000000	0.00000000	0.00000000	0.00000000	0.00000000	0.00000000
55.0000000	0.00000000	0.00000000	0.00000000	0.00000000	0.00000000	0.00000000	0.00000000
56.0000000	0.00000000	0.00000000	0.00000000	0.00000000	0.00000000	0.00000000	0.00000000
57.0000000	0.00000000	0.00000000	0.00000000	0.00000000	0.00000000	0.00000000	0.00000000
58.0000000	0.00000000	0.00000000	0.00000000	0.00000000	0.00000000	0.00000000	0.00000000
59.0000000	0.00000000	0.00000000	0.00000000	0.00000000	0.00000000	0.00000000	0.00000000
60.0000000	0.00000000	0.00000000	0.00000000	0.00000000	0.00000000	0.00000000	0.00000000
61.0000000	0.00000000	0.00000000	0.00000000	0.00000000	0.00000000	0.00000000	0.00000000
62.0000000	0.00000000	0.00000000	0.00000000	0.00000000	0.00000000	0.00000000	0.00000000
63.0000000	0.00000000	0.00000000	0.00000000	0.00000000	0.00000000	0.00000000	0.00000000
64.0000000	0.00000000	0.00000000	0.00000000	0.00000000	0.00000000	0.00000000	0.00000000
65.0000000	0.00000000	0.00000000	0.00000000	0.00000000	0.00000000	0.00000000	0.00000000
66.0000000	0.00000000	0.00000000	0.00000000	0.00000000	0.00000000	0.00000000	0.00000000
67.0000000	5.11057124E-07	0.00000000	0.00000000	0.00000000	0.00000000	0.00000000	5.91556727E-07
68.0000000	5.11057124E-07	0.00000000	0.00000000	0.00000000	0.00000000	0.00000000	0.00000000
69.0000000	1.94201721E-06	0.00000000	0.00000000	0.00000000	0.00000000	0.00000000	0.00000000
70.0000000	2.96413145E-06	0.00000000	0.00000000	3.81403339E-07	0.00000000	0.00000000	2.95778364E-07
71.0000000	3.47518858E-06	1.25059421E-06	9.47823253E-07	0.00000000	0.00000000	3.26036115E-06	1.33100264E-06
72.0000000	6.74595412E-06	1.81904602E-06	3.08042559E-06	1.27134442E-07	1.59402816E-06	4.39440009E-06	7.39445909E-07
73.0000000	6.84816541E-06	3.41071132E-06	7.93801973E-06	3.43262991E-06	4.25074177E-06	9.21406445E-06	2.95778364E-07
74.0000000	5.21278253E-06	2.61487867E-06	1.96673336E-05	4.32257093E-06	6.37611265E-06	2.01291878E-05	4.43667545E-07
75.0000000	1.75803652E-05	6.02559021E-06	3.21075131E-05	7.11952907E-06	1.14238683E-05	4.76296264E-05	2.07044855E-06
76.0000000	4.60973533E-05	1.64851044E-05	4.97607216E-05	1.83073607E-05	1.80656516E-05	7.34290079E-05	4.58456452E-06
77.0000000	8.96394195E-05	3.19469982E-05	7.59443428E-05	2.64439641E-05	3.52014540E-05	1.18365286E-04	7.83812629E-06
78.0000000	1.51579545E-04	7.36713628E-05	1.09473585E-04	5.28879282E-05	6.74805269E-05	1.53662244E-04	1.81903688E-05
79.0000000	2.85987568E-04	1.47115352E-04	1.74044049E-04	1.09462759E-04	1.09456596E-04	1.59474192E-04	3.57891804E-05
80.0000000	4.28265863E-04	2.50459911E-04	2.77238316E-04	2.12950195E-04	1.76007277E-04	1.98598529E-04	6.95079143E-05
81.0000000	6.30440074E-04	4.04510356E-04	3.50102229E-04	3.57629178E-04	2.67796713E-04	2.38289882E-04	1.10029549E-04
82.0000000	8.76769598E-04	5.23771567E-04	5.13246283E-04	5.86089795E-04	3.49225011E-04	2.68483651E-04	1.96396824E-04
83.0000000	1.25270325E-03	7.15908303E-04	6.60988269E-04	8.05523829E-04	4.80466639E-04	4.30792948E-04	3.16926511E-04
84.0000000	1.64764817E-03	9.35671851E-04	8.46643117E-04	1.07835431E-03	6.77329139E-04	6.15641242E-04	5.14802232E-04
85.0000000	2.19386606E-03	1.20739185E-03	1.24295172E-03	1.49141415E-03	8.98899045E-04	8.34227190E-04	8.19601817E-04
86.0000000	2.72608083E-03	1.60712725E-03	1.62480609E-03	1.93257071E-03	1.28478673E-03	1.23822852E-03	1.28027657E-03
87.0000000	3.47702834E-03	2.11896119E-03	2.11992534E-03	2.45191483E-03	1.73788914E-03	1.71906094E-03	1.77540956E-03
88.0000000	4.31720633E-03	2.76074349E-03	2.85152625E-03	3.06025310E-03	2.25036917E-03	2.27346411E-03	2.48439028E-03
89.0000000	5.39247040E-03	3.71471955E-03	3.65966419E-03	3.71868256E-03	2.99092801E-03	2.98493169E-03	3.24409711E-03
90.0000000	6.66622911E-03	4.99430485E-03	4.74954257E-03	4.60302969E-03	3.78608238E-03	3.74601339E-03	4.45649261E-03
91.0000000	8.29179958E-03	6.42998656E-03	6.14746334E-03	5.61946956E-03	4.83681262E-03	4.73007560E-03	5.81485452E-03
92.0000000	1.01736141E-02	8.12954456E-03	7.74928462E-03	7.02036405E-03	6.11854438E-03	5.94845833E-03	7.40836048E-03
93.0000000	1.23245511E-02	1.04064215E-02	9.61625949E-03	8.89724959E-03	7.76305003E-03	7.56488880E-03	9.27472208E-03
94.0000000	1.47418519E-02	1.27674295E-02	1.22372275E-02	1.10919718E-02	9.82200261E-03	9.55484342E-03	1.14483973E-02
95.0000000	1.75339617E-02	1.56852938E-02	1.49696842E-02	1.36955576E-02	1.24412570E-02	1.21608637E-02	1.39153367E-02
96.0000000	2.06729770E-02	1.87032036E-02	1.83840990E-02	1.70488562E-02	1.54915620E-02	1.51971104E-02	1.69559382E-02
97.0000000	2.38213949E-02	2.19373554E-02	2.19338145E-02	2.05475967E-02	1.90279130E-02	1.85103472E-02	2.01034639E-02
98.0000000	2.67116278E-02	2.50448529E-02	2.54688412E-02	2.40500234E-02	2.27874294E-02	2.18099747E-02	2.35389285E-02
99.0000000	2.94538569E-02	2.79411152E-02	2.85483189E-02	2.72428766E-02	2.63317507E-02	2.56396234E-02	2.67948564E-02
100.000000	3.15712690E-02	3.03353220E-02	3.13007981E-02	2.96581779E-02	2.98892222E-02	2.91018430E-02	2.96736676E-02
101.000000	3.27049978E-02	3.12478002E-02	3.31348367E-02	3.13385129E-02	3.26875411E-02	3.14186849E-02	3.18105184E-02
102.000000	3.28069031E-02	3.14566493E-02	3.36750932E-02	3.20266932E-02	3.39392498E-02	3.28930765E-02	3.27942781E-02
103.000000	3.23639177E-02	3.09385639E-02	3.31439599E-02	3.15829925E-02	3.42083760E-02	3.29089537E-02	3.26131135E-02
104.000000	3.14118192E-02	2.95739379E-02	3.17512490E-02	3.03655528E-02	3.33636738E-02	3.15859541E-02	3.14240828E-02
105.000000	2.96611432E-02	2.75122765E-02	2.94998139E-02	2.83091534E-02	3.14839147E-02	2.91990861E-02	2.92471554E-02
106.000000	2.80072596E-02	2.51368284E-02	2.68865470E-02	2.55550407E-02	2.86579691E-02	2.64907181E-02	2.64103450E-02
107.000000	2.62608752E-02	2.28010602E-02	2.42974497E-02	2.27760077E-02	2.54962146E-02	2.31358074E-02	2.31686141E-02
108.000000	2.46380642E-02	2.07783952E-02	2.16790885E-02	2.00218949E-02	2.19279826E-02	1.98126491E-02	2.01249067E-02
109.000000	2.33670659E-02	1.91247687E-02	1.94739774E-02	1.75849814E-02	1.90292429E-02	1.66802909E-02	1.70627143E-02
110.000000	2.18704846E-02	1.82429850E-02	1.77077092E-02	1.56252049E-02	1.67160425E-02	1.41954711E-02	1.47862555E-02
111.000000	2.06848327E-02	1.74554531E-02	1.64978113E-02	1.42859705E-02	1.50051182E-02	1.23834191E-02	1.31273828E-02
112.000000	1.96392108E-02	1.71280243E-02	1.57427527E-02	1.36174979E-02	1.39171937E-02	1.15062399E-02	1.19929248E-02
113.000000	1.89240370E-02	1.71480328E-02	1.51033271E-02	1.34495525E-02	1.34563874E-02	1.11001125E-02	1.14362705E-02
114.000000	1.82581283E-02	1.74113400E-02	1.46875875E-02	1.36755975E-02	1.32421227E-02	1.11278966E-02	1.15214540E-02
115.000000	1.78483631E-02	1.76687352E-02	1.46534666E-02	1.40693337E-02	1.35226715E-02	1.17571466E-02	1.17765628E-02
116.000000	1.74407437E-02	1.80582386E-02	1.48563003E-02	1.49324490E-02	1.40666338E-02	1.28281042E-02	1.22249629E-02
117.000000	1.72660649E-02	1.83951035E-02	1.52239371E-02	1.56395715E-02	1.45990392E-02	1.39430054E-02	1.30578745E-02
118.000000	1.70692056E-02	1.89919770E-02	1.57936979E-02	1.63042303E-02	1.51871033E-02	1.51368650E-02	1.41981002E-02
119.000000	1.71141792E-02	1.96253471E-02	1.63948555E-02	1.73402485E-02	1.58449057E-02	1.66074298E-02	1.53649459E-02
120.000000	1.68546643E-02	2.01377496E-02	1.72085613E-02	1.82360373E-02	1.66471004E-02	1.77257340E-02	1.59619749E-02
121.000000	1.68080553E-02	2.02559866E-02	1.75789222E-02	1.91690773E-02	1.75121259E-02	1.86589062E-02	1.67305544E-02
122.000000	1.68454647E-02	2.03455761E-02	1.81538966E-02	1.98877677E-02	1.84280276E-02	1.95267294E-02	1.74951423E-02
123.000000	1.66594405E-02	2.01649219E-02	1.83974858E-02	2.06204448E-02	1.89499389E-02	2.00974345E-02	1.79812536E-02
124.000000	1.63786653E-02	1.99917704E-02	1.85910799E-02	2.07460523E-02	1.94791574E-02	2.06375197E-02	1.83660612E-02
125.000000	1.60848070E-02	1.96998138E-02	1.87712852E-02	2.09405683E-02	1.99204367E-02	2.11475529E-02	1.87180378E-02
126.000000	1.55704794E-02	1.91389788E-02	1.86658390E-02	2.10895706E-02	2.01809276E-02	2.15356778E-02	1.88490674E-02
127.000000	1.50074996E-02	1.86492018E-02	1.84609909E-02	2.08242405E-02	2.03856267E-02	2.18787249E-02	1.89542156E-02
128.000000	1.43560041E-02	1.79984383E-02	1.79732181E-02	2.01766174E-02	2.02081595E-02	2.18103994E-02	1.90883521E-02
129.000000	1.37167731E-02	1.71748642E-02	1.74625777E-02	1.93733815E-02	1.97907891E-02	2.14253925E-02	1.91631839E-02
130.000000	1.29361851E-02	1.63246877E-02	1.69280060E-02	1.85712911E-02	1.91827994E-02	2.12928522E-02	1.87516082E-02
131.000000	1.22147761E-02	1.54708736E-02	1.62244830E-02	1.77958980E-02	1.83337145E-02	2.05574278E-02	1.85223799E-02
132.000000	1.14905061E-02	1.46185365E-02	1.54959625E-02	1.68823097E-02	1.73912458E-02	1.97886918E-02	1.76171511E-02
133.000000	1.07249431E-02	1.38506712E-02	1.46541772E-02	1.61591694E-02	1.63557921E-02	1.85749866E-02	1.69114228E-02
134.000000	1.01739205E-02	1.29289832E-02	1.36967571E-02	1.51108187E-02	1.52118104E-02	1.72943734E-02	1.60456803E-02
135.000000	9.73471813E-03	1.19949039E-02	1.28439534E-02	1.40554756E-02	1.39352595E-02	1.58854723E-02	1.52555080E-02
136.000000	9.15354397E-03	1.10817421E-02	1.19701782E-02	1.29966997E-02	1.26633579E-02	1.45755159E-02	1.41855301E-02
137.000000	8.44644569E-03	1.02458904E-02	1.10980626E-02	1.22060506E-02	1.15786223E-02	1.32825701E-02	1.33681465E-02
138.000000	7.92342983E-03	9.42834280E-03	1.03414627E-02	1.10943876E-02	1.06431926E-02	1.21448459E-02	1.25380447E-02
139.000000	7.47891236E-03	8.67650844E-03	9.59457830E-03	9.89919621E-03	9.76939965E-03	1.09671466E-02	1.15400879E-02
140.000000	7.01896101E-03	7.87305832E-03	8.79852474E-03	9.11820959E-03	9.08596069E-03	1.01157669E-02	1.05070826E-02
141.000000	6.51434297E-03	7.16863340E-03	8.02853703E-03	8.25280510E-03	8.31126235E-03	9.10066068E-03	9.67047364E-03
142.000000	5.96648967E-03	6.37928071E-03	7.29906838E-03	7.43342377E-03	7.69636640E-03	8.38323962E-03	8.95897858E-03
143.000000	5.51379519E-03	5.80252940E-03	6.68215426E-03	6.77906303E-03	7.09475344E-03	7.53256865E-03	8.24245531E-03
144.000000	5.08900452E-03	5.16688684E-03	5.95410727E-03	6.17275853E-03	6.56009000E-03	6.79601030E-03	7.53332675E-03
145.000000	4.63273283E-03	4.70382581E-03	5.35401655E-03	5.54446038E-03	6.01612777E-03	6.06086990E-03	6.97696768E-03
146.000000	4.24085418E-03	4.09035245E-03	4.87832772E-03	5.06096799E-03	5.38622122E-03	5.45245828E-03	6.35879114E-03
147.000000	3.86011670E-03	3.59898270E-03	4.43711597E-03	4.54391213E-03	4.88303974E-03	4.91747539E-03	5.83171379E-03
148.000000	3.47130443E-03	3.07850819E-03	3.92517308E-03	3.95095721E-03	4.47018631E-03	4.37455438E-03	5.32238372E-03
149.000000	3.05704144E-03	2.70594470E-03	3.53857968E-03	3.52060702E-03	3.96766886E-03	3.89088667E-03	4.93077328E-03
150.000000	2.70921597E-03	2.35589198E-03	3.23018176E-03	3.06266872E-03	3.59094678E-03	3.52204079E-03	4.53916239E-03
151.000000	2.40237731E-03	2.12885230E-03	2.82937102E-03	2.58604181E-03	3.12934280E-03	3.12994677E-03	4.14592540E-03
152.000000	2.08092248E-03	1.80221989E-03	2.46955361E-03	2.33240845E-03	2.73242989E-03	2.71942490E-03	3.69456736E-03
153.000000	1.83203758E-03	1.62770518E-03	2.13781535E-03	1.97973754E-03	2.47393176E-03	2.40302808E-03	3.27973836E-03
154.000000	1.56138174E-03	1.41237560E-03	1.79363706E-03	1.70766981E-03	2.15592305E-03	2.11157999E-03	2.87289522E-03
155.000000	1.36830437E-03	1.18056091E-03	1.55964319E-03	1.42593996E-03	1.86873227E-03	1.81162683E-03	2.54739099E-03
156.000000	1.22684380E-03	9.81147983E-04	1.35372858E-03	1.21565955E-03	1.55258342E-03	1.56568212E-03	2.21981667E-03
157.000000	1.01219979E-03	8.10726080E-04	1.12174882E-03	9.92920017E-04	1.28292700E-03	1.30031712E-03	1.93158060E-03
158.000000	8.61744513E-04	6.64747669E-04	9.33132018E-04	8.96170677E-04	1.03226607E-03	1.06528762E-03	1.66567578E-03
159.000000	7.06587569E-04	5.56514424E-04	7.65959674E-04	7.58484122E-04	8.03390169E-04	8.64137488E-04	1.47992698E-03
160.000000	5.99674415E-04	4.47371654E-04	6.06132962E-04	6.25501445E-04	6.50894828E-04	7.61648756E-04	1.30349526E-03
161.000000	5.30170684E-04	3.61990154E-04	5.08388737E-04	4.87306330E-04	5.39844215E-04	6.67240005E-04	1.09452778E-03
162.000000	4.72114567E-04	2.71265249E-04	3.99625977E-04	4.30604356E-04	4.33841313E-04	5.35833300E-04	9.07448004E-04
163.000000	3.52527219E-04	2.33520041E-04	3.23800137E-04	3.61316081E-04	3.56663804E-04	4.33911569E-04	7.78784393E-04
164.000000	2.93960067E-04	1.92705193E-04	2.52239464E-04	2.72703386E-04	2.79619097E-04	3.72673472E-04	6.35627657E-04
165.000000	2.42138864E-04	1.58598079E-04	2.10416765E-04	2.06084937E-04	2.11740073E-04	2.93007237E-04	5.06520446E-04
166.000000	1.93997286E-04	1.04595150E-04	1.54850626E-04	1.44297592E-04	1.68037135E-04	2.31202139E-04	3.71349714E-04
167.000000	1.40336284E-04	8.72005185E-05	1.24520287E-04	1.00436213E-04	1.33765527E-04	1.72940898E-04	2.70193530E-04
168.000000	1.23880251E-04	7.54904104E-05	8.76736522E-05	8.86127091E-05	1.03346159E-04	1.44022910E-04	2.41207250E-04
169.000000	1.06810941E-04	5.95737583E-05	6.78878423E-05	6.16602047E-05	8.51476725E-05	9.66767984E-05	1.72438784E-04
170.000000	7.68629907E-05	3.99053242E-05	4.85759447E-05	4.66583406E-05	9.05939305E-05	7.90991980E-05	1.30734028E-04
171.000000	6.10202223E-05	3.05827125E-05	3.51879389E-05	3.08936687E-05	7.58491733E-05	6.25138855E-05	1.11804220E-04
172.000000	5.00835995E-05	2.45571227E-05	1.69423420E-05	2.07229150E-05	5.36656153E-05	4.40857548E-05	8.20784917E-05
173.000000	4.32354318E-05	1.38702262E-05	1.55206053E-05	1.91973013E-05	4.58283102E-05	3.57222198E-05	7.15783608E-05
174.000000	4.42575474E-05	9.09523078E-06	6.51628488E-06	1.56375372E-05	2.85596707E-05	2.39565670E-05	5.20569920E-05
175.000000	3.13789060E-05	8.41308793E-06	5.80541746E-06	7.50093204E-06	2.41760936E-05	2.05544511E-05	3.81554091E-05
176.000000	2.81081429E-05	5.22975733E-06	2.60651404E-06	4.57684018E-06	1.91283380E-05	1.31832003E-05	2.85426122E-05
177.000000	2.58594901E-05	7.16249406E-06	1.18477908E-06	3.55976454E-06	1.12910329E-05	1.21909161E-05	1.70072562E-05
178.000000	2.29975703E-05	4.09285349E-06	5.92389540E-07	4.44970556E-06	6.11044106E-06	5.10317432E-06	1.13874667E-05
179.000000	1.05277768E-05	3.52440179E-06	8.29345367E-07	2.92409231E-06	5.31342721E-06	2.69334191E-06	7.98601559E-06
180.000000	2.55528562E-06	1.13690376E-07	0.00000000	1.90701667E-06	3.98507041E-07	0.00000000	2.95778364E-06
181.000000	0.00000000	0.00000000	0.00000000	0.00000000	0.00000000	0.00000000	0.00000000
182.000000	0.00000000	0.00000000	0.00000000	0.00000000	0.00000000	0.00000000	0.00000000
183.000000	0.00000000	0.00000000	0.00000000	0.00000000	0.00000000	0.00000000	0.00000000
184.000000	0.00000000	0.00000000	0.00000000	0.00000000	0.00000000	0.00000000	0.00000000
185.000000	0.00000000	0.00000000	0.00000000	0.00000000	0.00000000	0.00000000	0.00000000
186.000000	0.00000000	0.00000000	0.00000000	0.00000000	0.00000000	0.00000000	0.00000000
187.000000	0.00000000	0.00000000	0.00000000	0.00000000	0.00000000	0.00000000	0.00000000
188.000000	0.00000000	0.00000000	0.00000000	0.00000000	0.00000000	0.00000000	0.00000000
