31.0000000	0.00000000	0.00000000	0.00000000	0.00000000	0.00000000	0.00000000	0.00000000
32.0000000	0.00000000	0.00000000	0.00000000	0.00000000	0.00000000	0.00000000	0.00000000
33.0000000	4.34664393E-08	0.00000000	5.40886106E-07	0.00000000	3.82672255E-07	1.73416979E-07	0.00000000
34.0000000	4.78130801E-07	1.37483528E-06	2.16354442E-06	1.04416472E-07	3.28004774E-07	5.20250921E-07	3.62890717E-07
35.0000000	4.60744241E-06	4.55117879E-06	3.98288876E-06	1.25299766E-06	1.96802876E-06	3.64175662E-06	7.25781433E-07
36.0000000	1.10839419E-05	1.44594742E-05	6.93317679E-06	5.69069789E-06	5.24807638E-06	8.67084873E-06	4.17324327E-06
37.0000000	1.31703309E-05	2.22344042E-05	1.49481257E-05	8.24890139E-06	4.31872968E-06	2.45095998E-05	1.25802117E-05
38.0000000	8.12822418E-06	3.95383649E-05	2.49299337E-05	9.50189860E-06	3.49871766E-06	4.40479125E-05	2.63700585E-05
39.0000000	4.39011046E-06	5.05370481E-05	2.12912455E-05	1.10681458E-05	2.40536838E-06	7.15056012E-05	3.19948667E-05
40.0000000	1.69519103E-06	5.17222506E-05	2.52249611E-05	9.60631587E-06	9.29346868E-07	6.90777670E-05	2.72168036E-05
41.0000000	3.04265058E-07	3.40864317E-05	2.83227637E-05	6.83927874E-06	1.09334927E-07	5.47997661E-05	2.28016343E-05
42.0000000	5.65063715E-07	1.44120668E-05	1.70133280E-05	4.12445070E-06	0.00000000	3.34116703E-05	1.10681667E-05
43.0000000	0.00000000	7.25344125E-06	1.06210364E-05	7.83123539E-07	0.00000000	1.17923546E-05	4.29420697E-06
44.0000000	0.00000000	1.89632453E-06	2.90111643E-06	4.17665888E-07	0.00000000	3.75736795E-06	0.00000000
45.0000000	0.00000000	1.09038660E-06	1.37680104E-06	0.00000000	0.00000000	4.04639621E-07	0.00000000
46.0000000	0.00000000	9.48162295E-08	2.45857336E-07	0.00000000	0.00000000	0.00000000	0.00000000
47.0000000	0.00000000	0.00000000	0.00000000	0.00000000	0.00000000	0.00000000	0.00000000
48.0000000	0.00000000	0.00000000	0.00000000	0.00000000	0.00000000	0.00000000	0.00000000
49.0000000	0.00000000	0.00000000	0.00000000	0.00000000	0.00000000	0.00000000	0.00000000
50.0000000	0.00000000	0.00000000	0.00000000	0.00000000	0.00000000	0.00000000	0.00000000
51.0000000	0.00000000	0.00000000	0.00000000	0.00000000	0.00000000	0.00000000	0.00000000
52.0000000	0.00000000	3.79264918E-07	1.96685860E-07	0.00000000	0.00000000	0.00000000	0.00000000
53.0000000	0.00000000	3.31856796E-07	9.83429302E-08	0.00000000	0.00000000	0.00000000	0.00000000
54.0000000	8.69328787E-08	5.21489255E-07	4.42543183E-07	0.00000000	0.00000000	0.00000000	0.00000000
55.0000000	2.08638903E-06	1.75410014E-06	1.27845806E-06	0.00000000	0.00000000	0.00000000	0.00000000
56.0000000	5.99836858E-06	3.50820028E-06	5.31051819E-06	4.69874124E-07	7.10677057E-07	4.04639621E-07	6.04817885E-08
57.0000000	2.01684270E-05	7.15862507E-06	7.71992018E-06	2.40157897E-06	1.96802876E-06	2.89028293E-07	3.02408921E-07
58.0000000	5.02906696E-05	1.35113123E-05	1.86851576E-05	4.54211659E-06	4.75606930E-06	9.24890571E-07	1.81445358E-07
59.0000000	1.15099130E-04	3.01515593E-05	3.92880029E-05	1.17990612E-05	9.12946689E-06	2.19661501E-06	1.14915395E-06
60.0000000	2.12116211E-04	7.41936965E-05	6.28411362E-05	2.79836149E-05	2.33430073E-05	8.15059775E-06	2.54023507E-06
61.0000000	4.00282413E-04	1.56446768E-04	9.85396182E-05	6.58345889E-05	4.63580109E-05	1.78619484E-05	6.65299649E-06
62.0000000	7.06460036E-04	2.84638314E-04	2.01504663E-04	1.48219187E-04	9.70347464E-05	4.10420180E-05	1.77211641E-05
63.0000000	1.17980957E-03	5.33625716E-04	3.87421984E-04	2.74563121E-04	2.01394942E-04	1.02662852E-04	5.42521630E-05
64.0000000	1.87879335E-03	9.01986787E-04	6.76206022E-04	4.91279527E-04	3.65506654E-04	2.21858121E-04	1.28342348E-04
65.0000000	2.84183561E-03	1.48543844E-03	1.15356257E-03	8.45199160E-04	6.11400930E-04	4.34293936E-04	2.78700085E-04
66.0000000	4.18633968E-03	2.31403741E-03	1.85848470E-03	1.38257851E-03	1.04015786E-03	8.38991371E-04	5.61029068E-04
67.0000000	5.90613252E-03	3.51275154E-03	2.89875618E-03	2.21764925E-03	1.72514119E-03	1.47011352E-03	1.04548817E-03
68.0000000	8.08714796E-03	4.93935635E-03	4.31297673E-03	3.39374412E-03	2.79383548E-03	2.43032328E-03	1.81124813E-03
69.0000000	1.07218660E-02	6.90091448E-03	6.10532565E-03	5.00797061E-03	4.27789288E-03	3.86887509E-03	2.98900995E-03
70.0000000	1.34812463E-02	9.17313807E-03	8.38378444E-03	7.11227581E-03	6.35492895E-03	5.89820044E-03	4.75060241E-03
71.0000000	1.62656195E-02	1.18500842E-02	1.10657429E-02	9.59999859E-03	9.03500151E-03	8.34199227E-03	6.96441717E-03
72.0000000	1.89238098E-02	1.47301275E-02	1.41371405E-02	1.24900900E-02	1.21521950E-02	1.12364953E-02	9.63589828E-03
73.0000000	2.14954577E-02	1.76879670E-02	1.74756367E-02	1.55950179E-02	1.54906819E-02	1.40907653E-02	1.26498863E-02
74.0000000	2.35168636E-02	2.04992685E-02	2.02728044E-02	1.87330991E-02	1.85586195E-02	1.68934725E-02	1.57575011E-02
75.0000000	2.52083167E-02	2.29365192E-02	2.26624403E-02	2.13098358E-02	2.13535484E-02	1.91567950E-02	1.87272783E-02
76.0000000	2.63117123E-02	2.47526299E-02	2.42667571E-02	2.31597293E-02	2.31671967E-02	2.08114833E-02	2.08458938E-02
77.0000000	2.67269034E-02	2.57201809E-02	2.54514460E-02	2.42859665E-02	2.40427516E-02	2.17252169E-02	2.22236086E-02
78.0000000	2.64049489E-02	2.60675885E-02	2.58089229E-02	2.46034972E-02	2.39405222E-02	2.19083447E-02	2.25284975E-02
79.0000000	2.57922895E-02	2.59101931E-02	2.55117789E-02	2.41549760E-02	2.32724324E-02	2.15746909E-02	2.21905261E-02
80.0000000	2.49426495E-02	2.53235176E-02	2.46590972E-02	2.32637282E-02	2.19981875E-02	2.06968542E-02	2.15128269E-02
81.0000000	2.37952229E-02	2.45019346E-02	2.35181227E-02	2.22942736E-02	2.08912808E-02	1.97875705E-02	2.03813948E-02
82.0000000	2.25932896E-02	2.35664789E-02	2.24103387E-02	2.13278998E-02	1.97863970E-02	1.89071912E-02	1.95927117E-02
83.0000000	2.13041622E-02	2.25893017E-02	2.12908518E-02	2.04287171E-02	1.90003887E-02	1.83047410E-02	1.89023726E-02
84.0000000	2.00750176E-02	2.18034182E-02	2.02592835E-02	2.00458746E-02	1.86964367E-02	1.80087760E-02	1.84053946E-02
85.0000000	1.89830977E-02	2.09124777E-02	1.93915535E-02	1.97073556E-02	1.83092821E-02	1.81819033E-02	1.82277597E-02
86.0000000	1.79475527E-02	2.01172065E-02	1.90317668E-02	1.94392148E-02	1.84300970E-02	1.83775760E-02	1.83435213E-02
87.0000000	1.71042178E-02	1.93786826E-02	1.88163947E-02	1.94389541E-02	1.83824822E-02	1.87245831E-02	1.86661910E-02
88.0000000	1.62954368E-02	1.86003838E-02	1.86137110E-02	1.93440914E-02	1.86307263E-02	1.91299170E-02	1.87447574E-02
89.0000000	1.56052774E-02	1.78430397E-02	1.84399392E-02	1.92771610E-02	1.89351700E-02	1.97098795E-02	1.90108176E-02
90.0000000	1.48740849E-02	1.71706025E-02	1.83176994E-02	1.92075670E-02	1.90120861E-02	1.99049748E-02	1.91287566E-02
91.0000000	1.41232451E-02	1.65802296E-02	1.78710744E-02	1.90909859E-02	1.91479363E-02	2.01464873E-02	1.93700176E-02
92.0000000	1.35217132E-02	1.58968884E-02	1.75010096E-02	1.87525190E-02	1.91096682E-02	1.99398305E-02	1.94621310E-02
93.0000000	1.30133303E-02	1.55285746E-02	1.70999188E-02	1.82970557E-02	1.89436972E-02	1.99589077E-02	1.94566883E-02
94.0000000	1.23665491E-02	1.50445858E-02	1.65203828E-02	1.78724453E-02	1.89522803E-02	1.97853744E-02	1.93521753E-02
95.0000000	1.18881138E-02	1.45536745E-02	1.60292089E-02	1.74961276E-02	1.84788611E-02	1.95320118E-02	1.91041399E-02
96.0000000	1.14344982E-02	1.40494416E-02	1.53460214E-02	1.70825869E-02	1.79755911E-02	1.90492198E-02	1.88640878E-02
97.0000000	1.08365305E-02	1.36079304E-02	1.46218240E-02	1.64931566E-02	1.75445937E-02	1.85190830E-02	1.85590181E-02
98.0000000	1.04752807E-02	1.32165756E-02	1.39910523E-02	1.58472359E-02	1.71171483E-02	1.78836845E-02	1.81450192E-02
99.0000000	1.00563513E-02	1.27101624E-02	1.34250391E-02	1.52379656E-02	1.64531581E-02	1.72234271E-02	1.75692942E-02
100.000000	9.68675688E-03	1.21429721E-02	1.27498172E-02	1.45693868E-02	1.58776175E-02	1.66374519E-02	1.69916321E-02
101.000000	9.33850370E-03	1.15551585E-02	1.22290915E-02	1.38705801E-02	1.52173443E-02	1.59496795E-02	1.63205862E-02
102.000000	9.00255144E-03	1.10263210E-02	1.15803229E-02	1.33007793E-02	1.44745233E-02	1.52444514E-02	1.55705521E-02
103.000000	8.72949511E-03	1.04184067E-02	1.10770036E-02	1.26469750E-02	1.38202086E-02	1.45502631E-02	1.48966638E-02
104.000000	8.46200250E-03	9.89867188E-03	1.04604429E-02	1.19926492E-02	1.30431652E-02	1.38871744E-02	1.41056832E-02
105.000000	8.16869084E-03	9.35603864E-03	1.00399777E-02	1.12972362E-02	1.22876056E-02	1.31626958E-02	1.33512337E-02
106.000000	7.94875063E-03	8.91609117E-03	9.59168095E-03	1.07750492E-02	1.14712566E-02	1.25537710E-02	1.26653705E-02
107.000000	7.67047890E-03	8.47415254E-03	9.08034667E-03	1.02415327E-02	1.08312648E-02	1.19147869E-02	1.19808372E-02
108.000000	7.29836244E-03	8.00609216E-03	8.67246930E-03	9.55071393E-03	1.01145199E-02	1.12729706E-02	1.11506041E-02
109.000000	7.02534989E-03	7.60080060E-03	8.19648989E-03	8.91429558E-03	9.25706048E-03	1.04900505E-02	1.04479259E-02
110.000000	6.81653712E-03	7.25647528E-03	7.78399035E-03	8.34412873E-03	8.67518038E-03	9.87575017E-03	9.80875455E-03
111.000000	6.46293769E-03	6.95619266E-03	7.44441245E-03	7.85739161E-03	8.12741183E-03	9.31491982E-03	9.12857614E-03
112.000000	6.12859381E-03	6.63917419E-03	7.01303128E-03	7.29808491E-03	7.55903451E-03	8.72437749E-03	8.59669968E-03
113.000000	5.93608106E-03	6.33206451E-03	6.61272602E-03	6.82194578E-03	7.02045066E-03	8.15944280E-03	8.10558721E-03
114.000000	5.71231591E-03	6.06567832E-03	6.34882320E-03	6.27642171E-03	6.43928070E-03	7.51086278E-03	7.60020176E-03
115.000000	5.53549454E-03	5.81858726E-03	6.06697192E-03	5.90553461E-03	6.01189025E-03	6.93650590E-03	7.03397114E-03
116.000000	5.33233210E-03	5.54418936E-03	5.72119839E-03	5.57364710E-03	5.66611858E-03	6.57053804E-03	6.72019180E-03
117.000000	5.19893365E-03	5.29695582E-03	5.42916916E-03	5.17628994E-03	5.37096895E-03	6.05797535E-03	6.32089097E-03
118.000000	5.08983294E-03	5.09926397E-03	5.14038512E-03	4.82722558E-03	5.02164382E-03	5.52836014E-03	5.99410804E-03
119.000000	4.99159889E-03	4.90342127E-03	4.90450952E-03	4.51314077E-03	4.79018176E-03	5.16551360E-03	5.75828971E-03
120.000000	4.92040068E-03	4.73365281E-03	4.56212880E-03	4.26478637E-03	4.51416569E-03	4.74393694E-03	5.40501531E-03
121.000000	4.89831995E-03	4.58810991E-03	4.33741510E-03	4.08409350E-03	4.30451613E-03	4.44652699E-03	5.16998302E-03
122.000000	4.80056368E-03	4.35604714E-03	4.18670429E-03	3.95111926E-03	4.15784353E-03	4.22802148E-03	4.89061791E-03
123.000000	4.67007747E-03	4.17736592E-03	4.08255914E-03	3.77914542E-03	3.96453915E-03	3.95569904E-03	4.77382727E-03
124.000000	4.63895546E-03	4.04533418E-03	3.91163910E-03	3.64074134E-03	3.82098253E-03	3.73019930E-03	4.57804790E-03
125.000000	4.67751035E-03	3.88964615E-03	3.69002344E-03	3.48312478E-03	3.69803538E-03	3.57493316E-03	4.39696526E-03
126.000000	4.68646456E-03	3.82076204E-03	3.61498771E-03	3.43879987E-03	3.64528131E-03	3.46169202E-03	4.17493656E-03
127.000000	4.76774666E-03	3.79407126E-03	3.49648460E-03	3.37338308E-03	3.55967204E-03	3.28243664E-03	4.04883223E-03
128.000000	4.84946370E-03	3.74462456E-03	3.42021976E-03	3.27617116E-03	3.49161099E-03	3.24006495E-03	3.88166052E-03
129.000000	4.91857529E-03	3.70010850E-03	3.39096272E-03	3.21143307E-03	3.36478255E-03	3.13011860E-03	3.77158378E-03
130.000000	4.98047145E-03	3.73727642E-03	3.32939997E-03	3.11035779E-03	3.29967355E-03	3.05237016E-03	3.54314409E-03
131.000000	5.01537509E-03	3.66953015E-03	3.32935085E-03	3.05251125E-03	3.28403851E-03	2.95190373E-03	3.50999995E-03
132.000000	5.04693156E-03	3.70636629E-03	3.29807773E-03	3.04112979E-03	3.20657482E-03	2.90317368E-03	3.40476166E-03
133.000000	5.13638556E-03	3.71992495E-03	3.36917955E-03	3.05031845E-03	3.11834156E-03	2.82056932E-03	3.31010763E-03
134.000000	5.26478514E-03	3.74358171E-03	3.40010854E-03	3.04008555E-03	3.11139878E-03	2.81484658E-03	3.25845624E-03
135.000000	5.35971625E-03	3.71892937E-03	3.51089193E-03	3.09537421E-03	3.17306374E-03	2.83976085E-03	3.23051377E-03
136.000000	5.47850970E-03	3.80639732E-03	3.60854645E-03	3.12836980E-03	3.13572586E-03	2.88912700E-03	3.19144246E-03
137.000000	5.64994151E-03	3.86945019E-03	3.70502076E-03	3.10075167E-03	3.20619205E-03	2.89802905E-03	3.24829528E-03
138.000000	5.82028646E-03	3.96109000E-03	3.83473514E-03	3.12335766E-03	3.24779400E-03	2.95756874E-03	3.26480693E-03
139.000000	5.99636883E-03	4.07501170E-03	3.89152812E-03	3.14246584E-03	3.28513188E-03	3.10416403E-03	3.28331441E-03
140.000000	6.09942805E-03	4.27441020E-03	4.01071971E-03	3.15123703E-03	3.34674213E-03	3.16040893E-03	3.37772630E-03
141.000000	6.12033531E-03	4.35424550E-03	4.15911945E-03	3.20871826E-03	3.41075775E-03	3.34434654E-03	3.49729881E-03
142.000000	6.16388861E-03	4.44280403E-03	4.29134117E-03	3.41551495E-03	3.52217001E-03	3.47643229E-03	3.65709164E-03
143.000000	6.21604826E-03	4.48120432E-03	4.41795774E-03	3.54050146E-03	3.66856949E-03	3.60493432E-03	3.81809426E-03
144.000000	6.23308728E-03	4.66803974E-03	4.56134183E-03	3.66235548E-03	3.85864824E-03	3.78864072E-03	3.95435980E-03
145.000000	6.25212537E-03	4.78949957E-03	4.67664888E-03	3.93039268E-03	4.01893351E-03	3.95939872E-03	4.07151273E-03
146.000000	6.21748297E-03	4.88260901E-03	4.87126969E-03	4.10513347E-03	4.17960109E-03	4.07038536E-03	4.27067932E-03
147.000000	6.22995757E-03	5.00345230E-03	4.93863458E-03	4.39462811E-03	4.42795549E-03	4.20229789E-03	4.43506893E-03
148.000000	6.16988679E-03	5.08632185E-03	5.17485430E-03	4.60617617E-03	4.61595692E-03	4.20721155E-03	4.60127275E-03
149.000000	6.14793645E-03	5.11623593E-03	5.26321540E-03	4.80670808E-03	4.79477411E-03	4.31605941E-03	4.65074694E-03
150.000000	6.02966407E-03	5.23067918E-03	5.28848963E-03	5.04942378E-03	4.92630387E-03	4.47271299E-03	4.72501852E-03
151.000000	5.97607018E-03	5.32260351E-03	5.36898337E-03	5.16537856E-03	5.05231228E-03	4.58687916E-03	4.72320430E-03
152.000000	5.94425295E-03	5.36503410E-03	5.42051485E-03	5.25162648E-03	5.23856422E-03	4.78052814E-03	4.72526066E-03
153.000000	5.76178078E-03	5.40741673E-03	5.48802735E-03	5.34878578E-03	5.28907729E-03	4.95417649E-03	4.82027745E-03
154.000000	5.55883581E-03	5.46885747E-03	5.50966291E-03	5.38836000E-03	5.35538886E-03	5.00666397E-03	4.79058083E-03
155.000000	5.37697226E-03	5.49360458E-03	5.53882122E-03	5.46641136E-03	5.38277719E-03	5.19164186E-03	4.78253700E-03
156.000000	5.22488309E-03	5.57889184E-03	5.64837549E-03	5.52582415E-03	5.40409749E-03	5.22227911E-03	4.75326367E-03
157.000000	5.07531501E-03	5.74576855E-03	5.72026428E-03	5.63227665E-03	5.43717155E-03	5.26580680E-03	4.76650894E-03
158.000000	5.02750231E-03	5.85219963E-03	5.74425980E-03	5.59536554E-03	5.39786555E-03	5.39309485E-03	4.81816055E-03
159.000000	4.89923265E-03	5.89534128E-03	5.83375199E-03	5.58523694E-03	5.42011531E-03	5.52396663E-03	4.88305744E-03
160.000000	4.76474734E-03	5.85684553E-03	5.79957757E-03	5.66015579E-03	5.50638046E-03	5.51743479E-03	4.94577736E-03
161.000000	4.65881964E-03	5.79578383E-03	5.80080692E-03	5.59092779E-03	5.41503122E-03	5.51159633E-03	4.94438596E-03
162.000000	4.59892303E-03	5.85542340E-03	5.83335850E-03	5.63859381E-03	5.44077950E-03	5.55431470E-03	5.02518984E-03
163.000000	4.42627445E-03	5.75482333E-03	5.75016020E-03	5.60147408E-03	5.40426141E-03	5.63385524E-03	5.00275102E-03
164.000000	4.26210137E-03	5.65379672E-03	5.51330158E-03	5.69440471E-03	5.35549829E-03	5.60379634E-03	4.98756999E-03
165.000000	4.19494603E-03	5.51735610E-03	5.41584380E-03	5.68156131E-03	5.22774039E-03	5.57524012E-03	5.00256941E-03
166.000000	3.96944210E-03	5.20545803E-03	5.19275246E-03	5.57396002E-03	5.15328301E-03	5.47997653E-03	4.99984808E-03
167.000000	3.75041459E-03	4.89251735E-03	5.03501063E-03	5.50045073E-03	5.05373394E-03	5.35367103E-03	4.82668867E-03
168.000000	3.51521769E-03	4.62579913E-03	4.76638693E-03	5.32941660E-03	4.91132494E-03	5.20412810E-03	4.73221578E-03
169.000000	3.25228926E-03	4.36728261E-03	4.43590526E-03	5.14313765E-03	4.71911440E-03	5.00134565E-03	4.63961856E-03
170.000000	3.01587535E-03	4.01224336E-03	4.07769112E-03	4.90371091E-03	4.52591944E-03	4.70220158E-03	4.38335724E-03
171.000000	2.73538637E-03	3.66602209E-03	3.72906565E-03	4.53924527E-03	4.29795589E-03	4.26258938E-03	4.08046413E-03
172.000000	2.52270512E-03	3.33629851E-03	3.36209894E-03	4.14596032E-03	3.95803386E-03	3.84488562E-03	3.78017221E-03
173.000000	2.25816830E-03	2.97386362E-03	2.98342947E-03	3.72469216E-03	3.63762770E-03	3.42816464E-03	3.38577037E-03
174.000000	1.98272150E-03	2.63868808E-03	2.58105947E-03	3.28415912E-03	3.22855101E-03	2.94612325E-03	3.06358398E-03
175.000000	1.65098568E-03	2.26378487E-03	2.23312201E-03	2.79298401E-03	2.76163640E-03	2.52032676E-03	2.67807301E-03
176.000000	1.40735635E-03	1.85602764E-03	1.84924051E-03	2.29643146E-03	2.33544875E-03	2.04464397E-03	2.25046673E-03
177.000000	1.08661747E-03	1.45429128E-03	1.47489808E-03	1.76009629E-03	1.85907644E-03	1.59982941E-03	1.81076420E-03
178.000000	7.66487152E-04	1.06853142E-03	1.06131693E-03	1.26965204E-03	1.34678767E-03	1.09651557E-03	1.30858389E-03
179.000000	4.69002873E-04	6.46409637E-04	6.68830296E-04	7.41252559E-04	8.01807677E-04	6.64302672E-04	7.81666604E-04
180.000000	1.52654131E-04	2.08785335E-04	2.17190362E-04	2.35876811E-04	2.65027862E-04	2.20759815E-04	2.52632424E-04
181.000000	0.00000000	0.00000000	0.00000000	0.00000000	0.00000000	0.00000000	0.00000000
182.000000	0.00000000	0.00000000	0.00000000	0.00000000	0.00000000	0.00000000	0.00000000
183.000000	0.00000000	0.00000000	0.00000000	0.00000000	0.00000000	0.00000000	0.00000000
184.000000	0.00000000	0.00000000	0.00000000	0.00000000	0.00000000	0.00000000	0.00000000
185.000000	0.00000000	0.00000000	0.00000000	0.00000000	0.00000000	0.00000000	0.00000000
186.000000	0.00000000	0.00000000	0.00000000	0.00000000	0.00000000	0.00000000	0.00000000
187.000000	0.00000000	0.00000000	0.00000000	0.00000000	0.00000000	0.00000000	0.00000000
188.000000	0.00000000	0.00000000	0.00000000	0.00000000	0.00000000	0.00000000	0.00000000
