31.0000000	0.00000000	0.00000000	0.00000000	0.00000000	0.00000000	0.00000000	0.00000000	0.00000000	0.00000000	0.00000000	0.00000000	0.00000000	0.00000000	0.00000000	0.00000000	0.00000000	0.00000000	0.00000000	0.00000000
32.0000000	0.00000000	0.00000000	0.00000000	0.00000000	0.00000000	0.00000000	0.00000000	0.00000000	0.00000000	0.00000000	0.00000000	0.00000000	0.00000000	0.00000000	0.00000000	0.00000000	0.00000000	0.00000000	0.00000000
33.0000000	0.00000000	0.00000000	0.00000000	0.00000000	0.00000000	0.00000000	0.00000000	0.00000000	0.00000000	0.00000000	0.00000000	0.00000000	0.00000000	0.00000000	0.00000000	0.00000000	0.00000000	0.00000000	0.00000000
34.0000000	0.00000000	0.00000000	0.00000000	0.00000000	0.00000000	0.00000000	0.00000000	0.00000000	0.00000000	0.00000000	0.00000000	0.00000000	0.00000000	0.00000000	0.00000000	0.00000000	0.00000000	0.00000000	0.00000000
35.0000000	0.00000000	0.00000000	0.00000000	0.00000000	0.00000000	0.00000000	0.00000000	0.00000000	0.00000000	0.00000000	0.00000000	0.00000000	0.00000000	0.00000000	0.00000000	0.00000000	0.00000000	0.00000000	0.00000000
36.0000000	0.00000000	0.00000000	0.00000000	0.00000000	0.00000000	0.00000000	0.00000000	0.00000000	0.00000000	0.00000000	0.00000000	0.00000000	0.00000000	0.00000000	0.00000000	0.00000000	0.00000000	0.00000000	0.00000000
37.0000000	0.00000000	0.00000000	0.00000000	0.00000000	0.00000000	0.00000000	0.00000000	0.00000000	0.00000000	0.00000000	0.00000000	0.00000000	0.00000000	0.00000000	0.00000000	0.00000000	0.00000000	0.00000000	0.00000000
38.0000000	0.00000000	0.00000000	0.00000000	0.00000000	0.00000000	0.00000000	0.00000000	0.00000000	0.00000000	0.00000000	0.00000000	0.00000000	0.00000000	0.00000000	0.00000000	0.00000000	0.00000000	0.00000000	0.00000000
39.0000000	0.00000000	0.00000000	0.00000000	0.00000000	0.00000000	0.00000000	0.00000000	0.00000000	0.00000000	0.00000000	0.00000000	0.00000000	0.00000000	0.00000000	0.00000000	0.00000000	0.00000000	0.00000000	0.00000000
40.0000000	0.00000000	0.00000000	0.00000000	0.00000000	0.00000000	0.00000000	0.00000000	0.00000000	0.00000000	0.00000000	0.00000000	0.00000000	0.00000000	0.00000000	0.00000000	0.00000000	0.00000000	0.00000000	0.00000000
41.0000000	0.00000000	0.00000000	0.00000000	0.00000000	0.00000000	0.00000000	0.00000000	0.00000000	0.00000000	0.00000000	0.00000000	0.00000000	0.00000000	0.00000000	0.00000000	0.00000000	0.00000000	0.00000000	0.00000000
42.0000000	0.00000000	0.00000000	0.00000000	0.00000000	0.00000000	0.00000000	0.00000000	0.00000000	0.00000000	0.00000000	0.00000000	0.00000000	0.00000000	0.00000000	0.00000000	0.00000000	0.00000000	0.00000000	0.00000000
43.0000000	0.00000000	0.00000000	0.00000000	0.00000000	0.00000000	0.00000000	0.00000000	0.00000000	0.00000000	0.00000000	0.00000000	0.00000000	0.00000000	0.00000000	0.00000000	0.00000000	0.00000000	0.00000000	0.00000000
44.0000000	0.00000000	0.00000000	0.00000000	0.00000000	0.00000000	0.00000000	0.00000000	0.00000000	0.00000000	0.00000000	0.00000000	0.00000000	0.00000000	0.00000000	0.00000000	0.00000000	0.00000000	0.00000000	0.00000000
45.0000000	0.00000000	0.00000000	0.00000000	0.00000000	0.00000000	0.00000000	0.00000000	0.00000000	0.00000000	0.00000000	0.00000000	0.00000000	0.00000000	0.00000000	0.00000000	0.00000000	0.00000000	0.00000000	0.00000000
46.0000000	0.00000000	0.00000000	0.00000000	0.00000000	0.00000000	0.00000000	0.00000000	0.00000000	0.00000000	0.00000000	0.00000000	0.00000000	0.00000000	0.00000000	0.00000000	0.00000000	0.00000000	0.00000000	0.00000000
47.0000000	0.00000000	0.00000000	0.00000000	0.00000000	0.00000000	0.00000000	0.00000000	0.00000000	0.00000000	0.00000000	0.00000000	0.00000000	0.00000000	0.00000000	0.00000000	0.00000000	0.00000000	0.00000000	0.00000000
48.0000000	0.00000000	0.00000000	0.00000000	0.00000000	0.00000000	0.00000000	0.00000000	0.00000000	0.00000000	0.00000000	0.00000000	0.00000000	0.00000000	0.00000000	0.00000000	0.00000000	0.00000000	0.00000000	0.00000000
49.0000000	0.00000000	0.00000000	0.00000000	0.00000000	0.00000000	0.00000000	0.00000000	0.00000000	0.00000000	0.00000000	0.00000000	0.00000000	0.00000000	0.00000000	0.00000000	0.00000000	0.00000000	0.00000000	0.00000000
50.0000000	0.00000000	0.00000000	0.00000000	0.00000000	0.00000000	0.00000000	0.00000000	0.00000000	0.00000000	0.00000000	0.00000000	0.00000000	0.00000000	0.00000000	0.00000000	0.00000000	0.00000000	0.00000000	0.00000000
51.0000000	0.00000000	0.00000000	0.00000000	0.00000000	0.00000000	0.00000000	0.00000000	0.00000000	0.00000000	0.00000000	0.00000000	0.00000000	0.00000000	0.00000000	0.00000000	0.00000000	0.00000000	0.00000000	0.00000000
52.0000000	0.00000000	0.00000000	0.00000000	0.00000000	0.00000000	0.00000000	0.00000000	0.00000000	0.00000000	0.00000000	0.00000000	0.00000000	0.00000000	0.00000000	0.00000000	0.00000000	0.00000000	0.00000000	0.00000000
53.0000000	0.00000000	0.00000000	0.00000000	0.00000000	0.00000000	0.00000000	0.00000000	0.00000000	0.00000000	0.00000000	0.00000000	0.00000000	0.00000000	0.00000000	0.00000000	0.00000000	0.00000000	0.00000000	0.00000000
54.0000000	0.00000000	0.00000000	0.00000000	0.00000000	0.00000000	0.00000000	0.00000000	0.00000000	0.00000000	0.00000000	0.00000000	0.00000000	0.00000000	0.00000000	0.00000000	0.00000000	0.00000000	0.00000000	0.00000000
55.0000000	0.00000000	0.00000000	0.00000000	0.00000000	0.00000000	0.00000000	0.00000000	0.00000000	0.00000000	0.00000000	0.00000000	0.00000000	0.00000000	0.00000000	0.00000000	0.00000000	0.00000000	0.00000000	0.00000000
56.0000000	0.00000000	0.00000000	0.00000000	0.00000000	0.00000000	0.00000000	0.00000000	0.00000000	0.00000000	0.00000000	0.00000000	0.00000000	0.00000000	0.00000000	0.00000000	0.00000000	0.00000000	0.00000000	0.00000000
57.0000000	0.00000000	0.00000000	0.00000000	0.00000000	0.00000000	0.00000000	0.00000000	0.00000000	0.00000000	0.00000000	0.00000000	0.00000000	0.00000000	0.00000000	0.00000000	0.00000000	0.00000000	0.00000000	0.00000000
58.0000000	0.00000000	0.00000000	0.00000000	0.00000000	0.00000000	0.00000000	0.00000000	0.00000000	0.00000000	0.00000000	0.00000000	0.00000000	0.00000000	0.00000000	0.00000000	0.00000000	0.00000000	0.00000000	0.00000000
59.0000000	0.00000000	0.00000000	0.00000000	0.00000000	0.00000000	0.00000000	0.00000000	0.00000000	0.00000000	0.00000000	0.00000000	0.00000000	0.00000000	0.00000000	0.00000000	0.00000000	0.00000000	0.00000000	0.00000000
60.0000000	0.00000000	0.00000000	0.00000000	0.00000000	0.00000000	0.00000000	0.00000000	0.00000000	0.00000000	0.00000000	0.00000000	0.00000000	0.00000000	0.00000000	0.00000000	0.00000000	0.00000000	0.00000000	0.00000000
61.0000000	0.00000000	0.00000000	0.00000000	0.00000000	0.00000000	0.00000000	0.00000000	0.00000000	0.00000000	0.00000000	0.00000000	0.00000000	0.00000000	0.00000000	0.00000000	0.00000000	0.00000000	0.00000000	0.00000000
62.0000000	0.00000000	0.00000000	0.00000000	0.00000000	0.00000000	0.00000000	0.00000000	0.00000000	0.00000000	0.00000000	0.00000000	0.00000000	0.00000000	0.00000000	0.00000000	0.00000000	0.00000000	0.00000000	0.00000000
63.0000000	0.00000000	0.00000000	0.00000000	0.00000000	0.00000000	0.00000000	0.00000000	0.00000000	0.00000000	0.00000000	0.00000000	0.00000000	0.00000000	0.00000000	0.00000000	0.00000000	0.00000000	0.00000000	0.00000000
64.0000000	0.00000000	0.00000000	0.00000000	0.00000000	0.00000000	0.00000000	0.00000000	0.00000000	0.00000000	0.00000000	0.00000000	0.00000000	0.00000000	0.00000000	0.00000000	0.00000000	0.00000000	0.00000000	0.00000000
65.0000000	0.00000000	0.00000000	0.00000000	0.00000000	0.00000000	0.00000000	3.94202289E-07	0.00000000	0.00000000	0.00000000	0.00000000	0.00000000	0.00000000	0.00000000	0.00000000	0.00000000	0.00000000	0.00000000	0.00000000
66.0000000	0.00000000	0.00000000	1.49251818E-07	0.00000000	0.00000000	0.00000000	0.00000000	0.00000000	0.00000000	0.00000000	0.00000000	0.00000000	0.00000000	0.00000000	0.00000000	0.00000000	0.00000000	0.00000000	0.00000000
67.0000000	4.20186240E-07	0.00000000	2.98503636E-07	0.00000000	0.00000000	0.00000000	0.00000000	0.00000000	0.00000000	0.00000000	0.00000000	0.00000000	0.00000000	0.00000000	0.00000000	0.00000000	0.00000000	0.00000000	0.00000000
68.0000000	1.40062082E-06	3.83531278E-06	1.19401454E-06	7.53899371E-07	2.31220412E-07	7.82250140E-08	0.00000000	0.00000000	0.00000000	0.00000000	0.00000000	0.00000000	0.00000000	0.00000000	0.00000000	3.24196492E-07	0.00000000	4.85261921E-07	2.42463415E-07
69.0000000	4.62204889E-06	7.96565018E-06	3.73129546E-06	3.16637738E-06	1.77268987E-06	6.25800112E-07	0.00000000	3.18129253E-07	2.40596904E-07	0.00000000	1.61491073E-07	0.00000000	0.00000000	0.00000000	0.00000000	8.10491258E-07	0.00000000	1.45578576E-06	1.13149599E-06
70.0000000	1.31658362E-05	8.26067389E-06	2.68653275E-06	5.72963518E-06	2.69757152E-06	9.38700168E-07	7.09564119E-07	7.15790804E-07	1.44358148E-06	0.00000000	2.42236609E-07	7.98844866E-08	0.00000000	7.31500052E-07	0.00000000	2.51252300E-06	0.00000000	2.34543245E-06	8.08211439E-07
71.0000000	1.34459597E-05	1.18009630E-05	5.22381333E-06	8.29289274E-06	4.08489404E-06	3.12900056E-06	1.02492595E-06	0.00000000	3.60895365E-06	5.82042276E-07	6.45964292E-07	3.99422447E-07	0.00000000	4.87666682E-07	0.00000000	4.70084933E-06	0.00000000	2.18367859E-06	4.60680531E-06
72.0000000	1.41462706E-05	1.90290521E-05	8.35810170E-06	1.31178485E-05	8.78637547E-06	6.80557605E-06	7.09564119E-07	3.97661552E-07	2.40596910E-06	5.82042276E-07	2.90683920E-06	2.31665013E-06	0.00000000	0.00000000	1.60247254E-07	5.34924220E-06	4.05082204E-07	2.18367859E-06	3.79859375E-06
73.0000000	3.08136587E-05	2.65521667E-05	1.08953827E-05	1.14592704E-05	8.86344878E-06	1.40805023E-05	2.44405419E-06	0.00000000	3.84955047E-06	1.33038236E-06	4.84473219E-07	4.79306937E-06	6.54639166E-07	1.30044452E-06	6.40989015E-07	5.02504599E-06	1.86337809E-06	9.70523843E-07	3.96023597E-06
74.0000000	5.74254555E-05	3.40752813E-05	1.94027361E-05	2.17123015E-05	1.01736978E-05	1.98691523E-05	7.80520531E-06	1.67017856E-06	6.97731048E-06	1.16408455E-06	1.04969195E-06	1.42993231E-05	2.37306699E-06	2.35705579E-06	3.20494519E-06	6.88917589E-06	4.05082210E-06	3.55858742E-06	6.46569151E-06
75.0000000	7.07313520E-05	4.61712661E-05	2.31340309E-05	2.36724391E-05	2.49718050E-05	2.75352049E-05	1.34028778E-05	4.13568023E-06	1.73229782E-05	3.32595573E-06	2.98758482E-06	2.06900822E-05	4.82796349E-06	7.80266691E-06	9.37446475E-06	9.72589532E-06	6.15724912E-06	6.47015895E-06	1.29313830E-05
76.0000000	1.24935381E-04	4.74988738E-05	4.59695584E-05	4.28214844E-05	3.55308694E-05	3.75480049E-05	1.26144732E-05	7.23744051E-06	2.29369052E-05	6.31931607E-06	5.40995052E-06	3.77853612E-05	5.31894284E-06	1.48738345E-05	1.33005224E-05	1.38594005E-05	9.80298864E-06	7.27892848E-06	1.70532603E-05
77.0000000	1.94826353E-04	7.21333854E-05	6.62678067E-05	5.50346522E-05	4.90187267E-05	5.16285072E-05	1.96312740E-05	1.47930105E-05	4.39490359E-05	1.71286720E-05	1.50186688E-05	4.61732343E-05	1.39929116E-05	2.12135019E-05	2.04315256E-05	1.91275940E-05	2.44669645E-05	1.95722296E-05	2.69134398E-05
78.0000000	2.72000558E-04	1.16534509E-04	9.52226619E-05	7.68977334E-05	6.48187925E-05	6.14848614E-05	3.92625479E-05	3.22105880E-05	6.24749955E-05	3.75001509E-05	3.26211957E-05	6.94995033E-05	2.50399480E-05	4.49466133E-05	4.08630513E-05	3.37974852E-05	4.86908793E-05	3.06523762E-05	5.29378485E-05
79.0000000	3.52816394E-04	1.77899507E-04	1.37311668E-04	1.37963580E-04	9.35671924E-05	1.03022343E-04	5.43999158E-05	5.46386982E-05	8.34069288E-05	6.00335006E-05	6.39504651E-05	1.01373415E-04	6.30908471E-05	8.24156741E-05	5.94517333E-05	6.31372677E-05	7.19425952E-05	6.95542039E-05	8.47005576E-05
80.0000000	4.79292445E-04	2.72602250E-04	2.03131727E-04	2.20138609E-04	1.27325373E-04	1.62551572E-04	8.53053789E-05	1.02199017E-04	9.92863279E-05	1.03603525E-04	1.22006502E-04	1.38599586E-04	1.26672676E-04	1.36953066E-04	1.14576789E-04	1.14684510E-04	1.19256198E-04	1.07647269E-04	1.36991832E-04
81.0000000	6.92186819E-04	3.86776548E-04	3.14921344E-04	3.04424553E-04	1.74879708E-04	2.55639345E-04	1.28352272E-04	1.66779253E-04	1.47084909E-04	2.10449856E-04	1.93789281E-04	2.04344513E-04	2.69384007E-04	2.08071127E-04	2.19057998E-04	2.27018594E-04	1.98571288E-04	1.84318647E-04	2.42705893E-04
82.0000000	8.84632114E-04	5.41959191E-04	4.11188754E-04	4.57918475E-04	2.58427346E-04	3.97852418E-04	2.21147493E-04	2.98166648E-04	2.28807665E-04	3.43072345E-04	3.21528700E-04	3.38790123E-04	4.41063137E-04	3.42992251E-04	3.21055384E-04	3.91548325E-04	3.35894147E-04	3.12508666E-04	4.26169892E-04
83.0000000	1.11685507E-03	7.51426269E-04	6.22827851E-04	6.34783239E-04	3.67871689E-04	6.16256671E-04	3.50682356E-04	4.57231246E-04	3.47101130E-04	5.81460248E-04	5.16932923E-04	5.60868997E-04	7.42769917E-04	5.70732576E-04	5.03897492E-04	6.41341729E-04	5.85424772E-04	5.07745717E-04	6.56429329E-04
84.0000000	1.37344876E-03	1.03951734E-03	8.24019255E-04	8.83720815E-04	5.08993224E-04	8.95598147E-04	5.09388221E-04	7.30663363E-04	5.20731905E-04	9.02165484E-04	7.29051419E-04	8.54124955E-04	1.11313199E-03	8.79506930E-04	7.98111432E-04	1.04464218E-03	8.84294452E-04	8.00439506E-04	1.02335727E-03
85.0000000	1.87725213E-03	1.37805741E-03	1.04267313E-03	1.23141916E-03	7.19172531E-04	1.20888930E-03	7.84856791E-04	1.07933301E-03	7.26522470E-04	1.28672912E-03	1.00802723E-03	1.22782460E-03	1.62800576E-03	1.24143693E-03	1.10562588E-03	1.51480816E-03	1.23452849E-03	1.17676018E-03	1.48694741E-03
86.0000000	2.52433890E-03	1.78946846E-03	1.43535470E-03	1.58575189E-03	9.97561961E-04	1.61722384E-03	1.08350441E-03	1.53274671E-03	9.97354393E-04	1.74862123E-03	1.33601564E-03	1.65696407E-03	2.09296308E-03	1.61596492E-03	1.43894018E-03	2.00183247E-03	1.66804751E-03	1.62918598E-03	1.96977286E-03
87.0000000	3.17044533E-03	2.26548989E-03	1.91594556E-03	2.02120421E-03	1.41761231E-03	2.13788962E-03	1.39847200E-03	1.97749143E-03	1.31702749E-03	2.15255865E-03	1.71309721E-03	2.05231225E-03	2.59351660E-03	1.95643748E-03	1.84076023E-03	2.42815074E-03	2.14499119E-03	2.08419980E-03	2.42770556E-03
88.0000000	3.99989309E-03	2.92088580E-03	2.49728141E-03	2.74766167E-03	1.93654804E-03	2.57837470E-03	1.84399949E-03	2.41269218E-03	1.66027911E-03	2.67132465E-03	2.13119760E-03	2.48664431E-03	3.00569390E-03	2.27529020E-03	2.32823240E-03	2.73548905E-03	2.52698385E-03	2.52020778E-03	2.89945840E-03
89.0000000	4.91813989E-03	3.81082576E-03	3.43980663E-03	3.48587986E-03	2.65171286E-03	3.16427997E-03	2.52652145E-03	2.95478455E-03	2.14708690E-03	3.30209197E-03	2.55745323E-03	3.07858828E-03	3.41574335E-03	2.72199302E-03	2.92114727E-03	3.14997416E-03	3.07181920E-03	3.03870998E-03	3.44605185E-03
90.0000000	5.99325635E-03	4.75755800E-03	4.61158250E-03	4.70101461E-03	3.66476644E-03	4.01615025E-03	3.33589758E-03	3.74613097E-03	2.85564479E-03	4.00461722E-03	3.19631188E-03	3.85778164E-03	3.94387357E-03	3.38237500E-03	3.69650358E-03	3.78142809E-03	3.84350098E-03	3.74153117E-03	4.17732168E-03
91.0000000	7.25969812E-03	5.94488252E-03	5.97813213E-03	5.83216548E-03	4.86988714E-03	5.14908321E-03	4.45661461E-03	4.81902203E-03	3.93159408E-03	5.11548622E-03	4.24858788E-03	4.97320853E-03	4.80308756E-03	4.37469548E-03	4.77128197E-03	4.67183348E-03	4.86244448E-03	4.77732252E-03	5.36531163E-03
92.0000000	8.84884223E-03	7.59716472E-03	7.56990304E-03	7.38549978E-03	6.47771684E-03	6.57817582E-03	5.84184146E-03	6.41913246E-03	5.50614065E-03	6.55379612E-03	5.74367214E-03	6.51146425E-03	6.13585068E-03	5.83468843E-03	6.35548634E-03	6.20325701E-03	6.48188218E-03	6.28608279E-03	7.01923529E-03
93.0000000	1.07136285E-02	9.69065540E-03	9.59465280E-03	9.19998437E-03	8.36092979E-03	8.48663133E-03	7.82791153E-03	8.44426360E-03	7.57174520E-03	8.62337183E-03	7.73388799E-03	8.45792983E-03	8.02260265E-03	7.84485042E-03	8.51289462E-03	8.25874414E-03	8.72101448E-03	8.41298606E-03	9.19397082E-03
94.0000000	1.27924308E-02	1.20347692E-02	1.18793994E-02	1.14422319E-02	1.06081609E-02	1.07311420E-02	1.01812202E-02	1.08835995E-02	1.02067627E-02	1.11757936E-02	1.03378510E-02	1.11840675E-02	1.03969788E-02	1.05484743E-02	1.13416594E-02	1.08838435E-02	1.15066841E-02	1.12297693E-02	1.19695300E-02
95.0000000	1.51387500E-02	1.47352722E-02	1.43022044E-02	1.40754515E-02	1.31988320E-02	1.34039344E-02	1.31019438E-02	1.39673054E-02	1.36353485E-02	1.42044919E-02	1.34591497E-02	1.43521270E-02	1.34469429E-02	1.38546107E-02	1.47082144E-02	1.44625679E-02	1.51223661E-02	1.46672837E-02	1.52977454E-02
96.0000000	1.75742898E-02	1.75629295E-02	1.71223171E-02	1.71103496E-02	1.60781424E-02	1.64532233E-02	1.65531058E-02	1.75400563E-02	1.73960384E-02	1.76114347E-02	1.70462709E-02	1.79407783E-02	1.70513038E-02	1.79089904E-02	1.88912284E-02	1.85912922E-02	1.91354342E-02	1.86460279E-02	1.92780253E-02
97.0000000	2.03360338E-02	2.03562174E-02	1.99107900E-02	2.01101154E-02	1.90117136E-02	1.97725445E-02	2.00861041E-02	2.09354497E-02	2.14599613E-02	2.10936274E-02	2.11786646E-02	2.17780285E-02	2.07677726E-02	2.20195334E-02	2.33307984E-02	2.28404533E-02	2.34195832E-02	2.29122881E-02	2.37055682E-02
98.0000000	2.27672327E-02	2.28533018E-02	2.26149336E-02	2.30283085E-02	2.18934137E-02	2.25122198E-02	2.35988423E-02	2.44054440E-02	2.54236348E-02	2.45511252E-02	2.48718858E-02	2.55222153E-02	2.44799033E-02	2.58244723E-02	2.75403336E-02	2.68548988E-02	2.76402980E-02	2.70198677E-02	2.77346633E-02
99.0000000	2.52586566E-02	2.51710098E-02	2.48398297E-02	2.53824349E-02	2.44232733E-02	2.50462405E-02	2.64576748E-02	2.71335617E-02	2.83212233E-02	2.74414644E-02	2.79098544E-02	2.84665972E-02	2.74076127E-02	2.88595464E-02	3.09639368E-02	3.02771982E-02	3.08182482E-02	3.02038342E-02	3.12029421E-02
100.000000	2.70105526E-02	2.66123507E-02	2.64069736E-02	2.67929807E-02	2.64395140E-02	2.67545972E-02	2.81926394E-02	2.87993662E-02	3.02490462E-02	2.92314105E-02	2.97616739E-02	3.06917001E-02	2.91568097E-02	3.09209954E-02	3.28429937E-02	3.23284715E-02	3.26439552E-02	3.19438204E-02	3.33763845E-02
101.000000	2.79842634E-02	2.74491869E-02	2.71405466E-02	2.78258212E-02	2.74239741E-02	2.75904313E-02	2.89553404E-02	2.91490704E-02	3.06857303E-02	2.94160005E-02	3.02324202E-02	3.09371855E-02	2.97557227E-02	3.14822197E-02	3.30970660E-02	3.28333266E-02	3.30961868E-02	3.22121717E-02	3.38159688E-02
102.000000	2.84534730E-02	2.75608525E-02	2.69996542E-02	2.78522093E-02	2.76536532E-02	2.74339803E-02	2.85288934E-02	2.83803102E-02	2.97370572E-02	2.86989249E-02	2.92839818E-02	3.04121841E-02	2.88824327E-02	3.03254724E-02	3.18960138E-02	3.15645002E-02	3.17483172E-02	3.13137881E-02	3.25599276E-02
103.000000	2.82439403E-02	2.68867239E-02	2.63623483E-02	2.72456203E-02	2.68344395E-02	2.64920741E-02	2.72940155E-02	2.68902723E-02	2.76164357E-02	2.70462576E-02	2.72708349E-02	2.85050217E-02	2.71386392E-02	2.82295626E-02	2.93684341E-02	2.92857233E-02	2.91696452E-02	2.91727334E-02	2.98916996E-02
104.000000	2.75549740E-02	2.57815626E-02	2.53595244E-02	2.59403195E-02	2.56129019E-02	2.51132790E-02	2.54160352E-02	2.46480182E-02	2.52027679E-02	2.46537309E-02	2.46566981E-02	2.58530956E-02	2.44754031E-02	2.54845675E-02	2.63406429E-02	2.61214040E-02	2.56349780E-02	2.62044668E-02	2.67538186E-02
105.000000	2.65909266E-02	2.45046988E-02	2.41373014E-02	2.46496443E-02	2.40113158E-02	2.34935526E-02	2.33603492E-02	2.25985497E-02	2.25072801E-02	2.23330446E-02	2.20359396E-02	2.32612435E-02	2.20156778E-02	2.26052217E-02	2.29736082E-02	2.27752104E-02	2.24115774E-02	2.33682729E-02	2.34112181E-02
106.000000	2.53582411E-02	2.32557151E-02	2.34208927E-02	2.31635571E-02	2.25625653E-02	2.21045110E-02	2.16525067E-02	2.06245575E-02	2.04622056E-02	2.02006921E-02	1.96454693E-02	2.10358221E-02	1.95801742E-02	2.00945511E-02	2.03088559E-02	1.98488496E-02	1.97885893E-02	2.04501506E-02	2.05321256E-02
107.000000	2.43136566E-02	2.21582241E-02	2.26583667E-02	2.20779423E-02	2.14891620E-02	2.09171344E-02	2.03428883E-02	1.90201532E-02	1.89226270E-02	1.86716672E-02	1.81488506E-02	1.93345230E-02	1.79196820E-02	1.81635525E-02	1.83757935E-02	1.77652389E-02	1.75490510E-02	1.82543397E-02	1.81695633E-02
108.000000	2.35336516E-02	2.14565098E-02	2.22738925E-02	2.12893635E-02	2.06326451E-02	2.01991070E-02	1.93927027E-02	1.81690771E-02	1.79189369E-02	1.77102163E-02	1.69487298E-02	1.81471184E-02	1.69308502E-02	1.70643516E-02	1.69564039E-02	1.63879711E-02	1.60278864E-02	1.70950498E-02	1.66907776E-02
109.000000	2.29927320E-02	2.11958569E-02	2.20370311E-02	2.08044555E-02	2.02949084E-02	1.98055562E-02	1.89277027E-02	1.76492538E-02	1.75593235E-02	1.71061382E-02	1.64447166E-02	1.72852464E-02	1.63410213E-02	1.64437145E-02	1.62840057E-02	1.55607834E-02	1.51909869E-02	1.63584221E-02	1.58454701E-02
110.000000	2.27196105E-02	2.09834389E-02	2.20931489E-02	2.07399223E-02	2.03970317E-02	1.96124185E-02	1.88596621E-02	1.77621897E-02	1.75319761E-02	1.70915872E-02	1.62648149E-02	1.69621129E-02	1.62830856E-02	1.62217449E-02	1.59878694E-02	1.53384656E-02	1.50002744E-02	1.60560217E-02	1.54271396E-02
111.000000	2.24362649E-02	2.10358053E-02	2.22710576E-02	2.05514468E-02	2.04374958E-02	1.99403372E-02	1.89101994E-02	1.79205388E-02	1.80239975E-02	1.72621273E-02	1.66649893E-02	1.70869716E-02	1.65390484E-02	1.64493229E-02	1.60109438E-02	1.54102752E-02	1.51616596E-02	1.61945652E-02	1.54525982E-02
112.000000	2.19959095E-02	2.12613512E-02	2.24038921E-02	2.11028494E-02	2.08838284E-02	2.02095099E-02	1.92225650E-02	1.85031928E-02	1.85240377E-02	1.77427270E-02	1.71493012E-02	1.73732787E-02	1.70422215E-02	1.68530308E-02	1.64279882E-02	1.58396736E-02	1.53794317E-02	1.64702740E-02	1.57165602E-02
113.000000	2.18403004E-02	2.15636045E-02	2.25301590E-02	2.14004889E-02	2.11870354E-02	2.05526054E-02	1.96643081E-02	1.88621208E-02	1.90480575E-02	1.83624364E-02	1.79685466E-02	1.78109650E-02	1.78355612E-02	1.74587127E-02	1.70616861E-02	1.62940361E-02	1.58517566E-02	1.70657709E-02	1.62688103E-02
114.000000	2.18201317E-02	2.16041692E-02	2.25480683E-02	2.16521397E-02	2.13518944E-02	2.09813565E-02	2.03531366E-02	1.95140485E-02	1.94411129E-02	1.89898778E-02	1.86791066E-02	1.83721539E-02	1.84957646E-02	1.79701112E-02	1.76646952E-02	1.68331731E-02	1.66126639E-02	1.76454168E-02	1.67292487E-02
115.000000	2.15352457E-02	2.18425486E-02	2.28689611E-02	2.17392910E-02	2.18011569E-02	2.12955084E-02	2.06478424E-02	2.00604349E-02	2.00734809E-02	1.95416529E-02	1.93287842E-02	1.89946946E-02	1.91670153E-02	1.85328797E-02	1.83293223E-02	1.74664911E-02	1.71916876E-02	1.82737503E-02	1.72525663E-02
116.000000	2.11652014E-02	2.20975969E-02	2.26789620E-02	2.18585581E-02	2.20940355E-02	2.18124967E-02	2.11379938E-02	2.06185132E-02	2.05155388E-02	2.00349763E-02	2.00156067E-02	1.93239767E-02	1.97966974E-02	1.92597471E-02	1.89612564E-02	1.80968102E-02	1.79144368E-02	1.87977515E-02	1.77607685E-02
117.000000	2.09269561E-02	2.21203137E-02	2.27809008E-02	2.21252870E-02	2.24228315E-02	2.20115799E-02	2.15745345E-02	2.10326388E-02	2.10259240E-02	2.04945393E-02	2.06806269E-02	1.98191013E-02	2.02461891E-02	1.98443774E-02	1.96053702E-02	1.88124739E-02	1.85184143E-02	1.93346143E-02	1.83237698E-02
118.000000	2.08172873E-02	2.23170947E-02	2.28025429E-02	2.21557450E-02	2.24575903E-02	2.20629741E-02	2.18571760E-02	2.15298738E-02	2.13626791E-02	2.10071523E-02	2.12766901E-02	2.02503987E-02	2.09501702E-02	2.04044618E-02	1.99688114E-02	1.94293391E-02	1.90956555E-02	1.96764804E-02	1.87443625E-02
119.000000	2.03707702E-02	2.24604774E-02	2.23806091E-02	2.21482068E-02	2.23878399E-02	2.20847204E-02	2.21249182E-02	2.17034929E-02	2.17124280E-02	2.11470928E-02	2.16737967E-02	2.05118600E-02	2.13485193E-02	2.04736292E-02	2.03861743E-02	1.99610218E-02	1.97559390E-02	2.02107541E-02	1.91025622E-02
120.000000	2.01447085E-02	2.23342068E-02	2.18371823E-02	2.18645893E-02	2.23261807E-02	2.20029745E-02	2.21990291E-02	2.15921476E-02	2.19579171E-02	2.13446543E-02	2.21486613E-02	2.06243377E-02	2.14971229E-02	2.10307892E-02	2.04966664E-02	2.04363745E-02	2.01175977E-02	2.04136744E-02	1.94037817E-02
121.000000	1.99270528E-02	2.21144147E-02	2.14085318E-02	2.14918610E-02	2.22578943E-02	2.17089262E-02	2.20925938E-02	2.16036011E-02	2.18286365E-02	2.16712635E-02	2.22776122E-02	2.08099093E-02	2.17447393E-02	2.11214945E-02	2.06720568E-02	2.05483846E-02	2.04176009E-02	2.07110588E-02	1.95441693E-02
122.000000	1.95444040E-02	2.18325183E-02	2.09476408E-02	2.14271769E-02	2.19308715E-02	2.14915406E-02	2.21123043E-02	2.14181319E-02	2.16531605E-02	2.16745883E-02	2.25240476E-02	2.08573602E-02	2.16633193E-02	2.12957542E-02	2.06125248E-02	2.06282996E-02	2.06698868E-02	2.06508860E-02	1.97165608E-02
123.000000	1.90978851E-02	2.13777386E-02	2.02779491E-02	2.08674818E-02	2.17279363E-02	2.10557487E-02	2.17501111E-02	2.13034451E-02	2.14363020E-02	2.16879752E-02	2.22629160E-02	2.08544843E-02	2.14938484E-02	2.12193541E-02	2.04409789E-02	2.06722282E-02	2.07125824E-02	2.05404088E-02	1.98192038E-02
124.000000	1.85936615E-02	2.09692772E-02	1.94800477E-02	2.02699415E-02	2.11880375E-02	2.06676740E-02	2.15010550E-02	2.09649559E-02	2.11421326E-02	2.15302426E-02	2.21283138E-02	2.05197688E-02	2.12704539E-02	2.08742488E-02	2.02631857E-02	2.05610283E-02	2.07294337E-02	2.02719774E-02	1.96018759E-02
125.000000	1.79290678E-02	2.04692129E-02	1.87109541E-02	1.97580438E-02	2.08962373E-02	2.01505292E-02	2.10936852E-02	2.05105077E-02	2.06825919E-02	2.12171040E-02	2.18679905E-02	2.01161914E-02	2.08963268E-02	2.05200389E-02	1.98403727E-02	2.04803851E-02	2.06531975E-02	1.99964307E-02	1.94989890E-02
126.000000	1.74296051E-02	1.99766699E-02	1.80746932E-02	1.91568844E-02	2.05538757E-02	1.94572993E-02	2.07024012E-02	2.02283282E-02	2.02576984E-02	2.07702611E-02	2.14312375E-02	1.96959991E-02	2.03964282E-02	2.02430449E-02	1.95589792E-02	2.01778281E-02	2.03710161E-02	1.96806062E-02	1.90720111E-02
127.000000	1.68003067E-02	1.91340800E-02	1.74345523E-02	1.86825301E-02	2.00462695E-02	1.86934303E-02	2.00570915E-02	1.95359197E-02	1.96601357E-02	2.00417116E-02	2.08579432E-02	1.90883186E-02	1.99516006E-02	1.98398251E-02	1.89277641E-02	1.96174551E-02	1.99343376E-02	1.92665961E-02	1.85486954E-02
128.000000	1.61932781E-02	1.83355976E-02	1.70590356E-02	1.78817380E-02	1.92316044E-02	1.79860424E-02	1.93151236E-02	1.90435350E-02	1.91731676E-02	1.95051506E-02	2.02768184E-02	1.83319729E-02	1.93245392E-02	1.91321410E-02	1.82350166E-02	1.89428832E-02	1.93245262E-02	1.84676927E-02	1.81008652E-02
129.000000	1.55590763E-02	1.74132045E-02	1.62600894E-02	1.69039313E-02	1.86024532E-02	1.71789955E-02	1.84275378E-02	1.83124747E-02	1.84875466E-02	1.87726915E-02	1.92606356E-02	1.76650956E-02	1.85802132E-02	1.85889602E-02	1.76070873E-02	1.84032582E-02	1.87166613E-02	1.78015102E-02	1.73889920E-02
130.000000	1.48342550E-02	1.62601043E-02	1.52347302E-02	1.62237640E-02	1.75741389E-02	1.64953079E-02	1.76066514E-02	1.74714196E-02	1.76280551E-02	1.78427547E-02	1.84044093E-02	1.69513281E-02	1.78984068E-02	1.80208292E-02	1.68524031E-02	1.76182166E-02	1.80081725E-02	1.71617735E-02	1.67346634E-02
131.000000	1.41176982E-02	1.53530519E-02	1.44819040E-02	1.54562937E-02	1.66516472E-02	1.58248413E-02	1.66084524E-02	1.66860372E-02	1.68439485E-02	1.69770923E-02	1.76465325E-02	1.62230209E-02	1.70996655E-02	1.72800627E-02	1.61307286E-02	1.67337265E-02	1.72534231E-02	1.65055376E-02	1.61873437E-02
132.000000	1.32657001E-02	1.42753292E-02	1.37220630E-02	1.44658210E-02	1.55872619E-02	1.49035072E-02	1.55787962E-02	1.58856250E-02	1.59653686E-02	1.60634518E-02	1.67365298E-02	1.54509377E-02	1.61574762E-02	1.64052714E-02	1.52939176E-02	1.59865357E-02	1.64273791E-02	1.56808347E-02	1.54964840E-02
133.000000	1.24043180E-02	1.34110563E-02	1.30405789E-02	1.35335485E-02	1.44696962E-02	1.41708525E-02	1.46152861E-02	1.50219044E-02	1.50915217E-02	1.51250334E-02	1.56550240E-02	1.47055360E-02	1.51740443E-02	1.55793261E-02	1.44992517E-02	1.51322773E-02	1.54909911E-02	1.48752993E-02	1.46034919E-02
134.000000	1.17414044E-02	1.23320064E-02	1.20980535E-02	1.26652075E-02	1.34944087E-02	1.33595802E-02	1.37093309E-02	1.40819112E-02	1.42235281E-02	1.41808782E-02	1.45456614E-02	1.37614608E-02	1.42149981E-02	1.46656008E-02	1.37388790E-02	1.43158687E-02	1.45614082E-02	1.41802430E-02	1.38722220E-02
135.000000	1.07812788E-02	1.12806875E-02	1.12259751E-02	1.17537435E-02	1.25143426E-02	1.24947242E-02	1.26381256E-02	1.32302800E-02	1.32523188E-02	1.33277699E-02	1.35212429E-02	1.28649175E-02	1.33443279E-02	1.37193650E-02	1.28446985E-02	1.33741591E-02	1.37323672E-02	1.34259034E-02	1.30214980E-02
136.000000	1.02249524E-02	1.02113727E-02	1.05256857E-02	1.09460158E-02	1.14897275E-02	1.19188325E-02	1.18413642E-02	1.22958543E-02	1.23548917E-02	1.24512976E-02	1.25254085E-02	1.20408293E-02	1.24508273E-02	1.29073998E-02	1.21647697E-02	1.26312627E-02	1.28186643E-02	1.24608791E-02	1.21769980E-02
137.000000	9.61134024E-03	9.30255093E-03	9.87748522E-03	1.00270119E-02	1.04683498E-02	1.12895900E-02	1.09900450E-02	1.14459721E-02	1.14883417E-02	1.13839153E-02	1.14669157E-02	1.12879174E-02	1.15643637E-02	1.20017212E-02	1.13503933E-02	1.17447479E-02	1.18800886E-02	1.17416400E-02	1.13260327E-02
138.000000	8.82951356E-03	8.63387901E-03	9.08062980E-03	9.14208498E-03	9.45537351E-03	1.05110165E-02	1.01448745E-02	1.04872100E-02	1.06002986E-02	1.05143441E-02	1.05414102E-02	1.05024138E-02	1.08873853E-02	1.10397991E-02	1.05383405E-02	1.07923392E-02	1.09676002E-02	1.07796891E-02	1.05903987E-02
139.000000	8.04502610E-03	7.75219966E-03	8.38093739E-03	8.47307499E-03	8.73566139E-03	9.61432327E-03	9.31421202E-03	9.67502594E-03	9.60206240E-03	9.64568742E-03	9.57997330E-03	9.72258113E-03	1.00970725E-02	1.01045351E-02	9.67861339E-03	1.00806467E-02	1.01624588E-02	1.00046452E-02	9.85112786E-03
140.000000	7.33421091E-03	6.93203276E-03	7.69214006E-03	7.73998303E-03	7.91035872E-03	8.84294603E-03	8.49072356E-03	8.77694692E-03	8.77320580E-03	8.80970899E-03	8.65947362E-03	8.95648915E-03	9.27599147E-03	9.21722595E-03	8.92304815E-03	9.33612976E-03	9.28893965E-03	9.21512395E-03	9.14830714E-03
141.000000	6.50000107E-03	6.11039111E-03	6.91752322E-03	6.99995551E-03	7.10517215E-03	8.13094247E-03	7.77564012E-03	7.96524063E-03	7.94884097E-03	8.01605266E-03	7.78168906E-03	8.28146469E-03	8.63796379E-03	8.45272746E-03	8.28342140E-03	8.53163656E-03	8.41161236E-03	8.43724888E-03	8.39359872E-03
142.000000	5.88050671E-03	5.43242553E-03	6.21663639E-03	6.26113405E-03	6.40241615E-03	7.38733541E-03	7.01617030E-03	7.24531431E-03	7.15936208E-03	7.20809447E-03	7.02825282E-03	7.57057313E-03	7.85403326E-03	7.68643990E-03	7.62768928E-03	7.69342622E-03	7.53866043E-03	7.62572931E-03	7.76489126E-03
143.000000	5.19840419E-03	4.83942730E-03	5.72694140E-03	5.66012552E-03	5.74767683E-03	6.66492758E-03	6.37779897E-03	6.56626699E-03	6.43588696E-03	6.45509828E-03	6.36048708E-03	6.80823531E-03	7.15275109E-03	6.88999891E-03	6.86331000E-03	6.97751902E-03	6.91288989E-03	6.86443411E-03	7.03248987E-03
144.000000	4.67877369E-03	4.30661393E-03	5.11694932E-03	5.11535769E-03	5.11721615E-03	5.88885695E-03	5.65428007E-03	5.92531636E-03	5.86214382E-03	5.80786727E-03	5.67818759E-03	6.13560807E-03	6.41800044E-03	6.15703594E-03	6.17576903E-03	6.23138109E-03	6.17393851E-03	6.23812294E-03	6.39788248E-03
145.000000	4.06796299E-03	3.84681881E-03	4.63203015E-03	4.53003030E-03	4.52382723E-03	5.29286079E-03	5.06337080E-03	5.32373367E-03	5.15134027E-03	5.19938348E-03	5.06177591E-03	5.52217476E-03	5.75542357E-03	5.53875603E-03	5.64182503E-03	5.65893110E-03	5.46836667E-03	5.58625441E-03	5.74436272E-03
146.000000	3.60533805E-03	3.39852972E-03	4.11278289E-03	3.95947928E-03	3.97329172E-03	4.71219653E-03	4.49950388E-03	4.71387990E-03	4.52731224E-03	4.52571129E-03	4.54395497E-03	4.96601919E-03	5.13687171E-03	4.95534390E-03	5.04282070E-03	5.04303863E-03	4.83805872E-03	4.97919135E-03	5.20407315E-03
147.000000	3.12086334E-03	3.01647349E-03	3.62562505E-03	3.42933740E-03	3.48518533E-03	4.05784417E-03	3.90591403E-03	4.15508589E-03	3.95124266E-03	4.03047632E-03	3.96840088E-03	4.48231865E-03	4.68500704E-03	4.36729938E-03	4.49125003E-03	4.45446000E-03	4.31104656E-03	4.39606840E-03	4.63412283E-03
148.000000	2.70782015E-03	2.63485988E-03	3.22682434E-03	3.04138078E-03	3.02189658E-03	3.49681452E-03	3.47158196E-03	3.65371443E-03	3.46836494E-03	3.51096201E-03	3.53883440E-03	4.01779031E-03	4.04845225E-03	3.83557985E-03	3.93759552E-03	3.98907578E-03	3.81619832E-03	3.92237213E-03	4.10159212E-03
149.000000	2.38609756E-03	2.39456282E-03	2.77399435E-03	2.65749521E-03	2.64654891E-03	3.05726822E-03	3.00019491E-03	3.17007839E-03	3.10089323E-03	3.13637638E-03	3.09877144E-03	3.54111963E-03	3.52531369E-03	3.29288817E-03	3.47848726E-03	3.51161556E-03	3.35229817E-03	3.40192858E-03	3.59500526E-03
150.000000	2.01171171E-03	2.09231069E-03	2.47041602E-03	2.27903784E-03	2.31698272E-03	2.63250642E-03	2.59629521E-03	2.75714672E-03	2.69997865E-03	2.73800991E-03	2.65636644E-03	3.06524755E-03	3.05651012E-03	2.81229266E-03	3.03324009E-03	3.05247214E-03	2.88815494E-03	2.94513535E-03	3.23276478E-03
151.000000	1.75455771E-03	1.82501890E-03	2.20907619E-03	1.95229775E-03	1.97816780E-03	2.20101723E-03	2.23244634E-03	2.40974943E-03	2.36234092E-03	2.34712707E-03	2.32950854E-03	2.70928233E-03	2.64613330E-03	2.37168581E-03	2.63895188E-03	2.70169158E-03	2.50988919E-03	2.51964154E-03	2.82526459E-03
152.000000	1.52093417E-03	1.59239233E-03	1.93534826E-03	1.70185242E-03	1.67064450E-03	1.86026900E-03	1.91700575E-03	2.08128104E-03	2.06223642E-03	2.00397149E-03	2.00216635E-03	2.33694073E-03	2.23919330E-03	2.03584600E-03	2.27326760E-03	2.29198812E-03	2.16119457E-03	2.16200366E-03	2.51976075E-03
153.000000	1.26364012E-03	1.35106267E-03	1.71997794E-03	1.44100317E-03	1.42963580E-03	1.56590831E-03	1.65683229E-03	1.78271672E-03	1.78153988E-03	1.68983499E-03	1.73506001E-03	1.98616809E-03	1.92660303E-03	1.74227054E-03	1.91567582E-03	1.98011124E-03	1.85762590E-03	1.85394310E-03	2.15388346E-03
154.000000	1.10242865E-03	1.13466254E-03	1.46072754E-03	1.19719212E-03	1.19772169E-03	1.32763491E-03	1.38491148E-03	1.52805436E-03	1.51439721E-03	1.44146930E-03	1.48369919E-03	1.70122006E-03	1.67473056E-03	1.44463137E-03	1.62106124E-03	1.70811033E-03	1.59278314E-03	1.56610191E-03	1.88054633E-03
155.000000	9.47660068E-04	9.97623894E-04	1.21849182E-03	1.03404839E-03	1.02738931E-03	1.10093877E-03	1.13601214E-03	1.31069252E-03	1.30612042E-03	1.20532641E-03	1.29410869E-03	1.45813159E-03	1.41680276E-03	1.19527115E-03	1.36202155E-03	1.44721323E-03	1.35119213E-03	1.29702420E-03	1.60599698E-03
156.000000	8.20903864E-04	8.81531916E-04	1.02177798E-03	8.89450486E-04	8.55669670E-04	9.26184119E-04	9.23458312E-04	1.09675061E-03	1.06159376E-03	9.93130379E-04	1.09741255E-03	1.22159359E-03	1.17810501E-03	1.01369654E-03	1.15778646E-03	1.24831859E-03	1.13455416E-03	1.01937354E-03	1.36143214E-03
157.000000	6.68656372E-04	7.67652644E-04	8.72824632E-04	7.25552731E-04	7.16397888E-04	7.66292214E-04	7.48747843E-04	9.43969004E-04	8.98068072E-04	8.17021064E-04	9.66524007E-04	9.55019030E-04	1.00028864E-03	8.27732962E-04	9.56115255E-04	1.04585791E-03	9.69118613E-04	8.77030019E-04	1.15129713E-03
158.000000	5.50303899E-04	6.28106238E-04	7.55214191E-04	5.81256405E-04	6.15277502E-04	6.13909913E-04	6.07859925E-04	7.97709101E-04	7.44567253E-04	6.52802002E-04	8.05598160E-04	8.31917045E-04	8.21735768E-04	6.78425655E-04	7.86573626E-04	8.97132792E-04	8.15106381E-04	7.44068238E-04	9.42859449E-04
159.000000	4.43016383E-04	5.24552772E-04	6.43872307E-04	4.68171493E-04	5.11151273E-04	5.06585173E-04	4.93541243E-04	6.58448029E-04	6.08870585E-04	5.35063155E-04	6.89889828E-04	6.82453159E-04	6.82543148E-04	5.49681659E-04	6.37543679E-04	7.52216962E-04	6.68385648E-04	6.07467024E-04	7.95037602E-04
160.000000	3.51695897E-04	4.48731589E-04	5.35814033E-04	3.87805834E-04	4.14578186E-04	3.97383061E-04	4.00588382E-04	5.36922656E-04	4.90817707E-04	4.55739093E-04	5.77976520E-04	5.36983542E-04	5.81565022E-04	4.57675196E-04	5.21604787E-04	6.45718363E-04	5.49615535E-04	5.04834112E-04	6.63218321E-04
161.000000	2.90768890E-04	3.57569166E-04	4.29397478E-04	3.39556282E-04	3.52765288E-04	3.38166719E-04	3.23088199E-04	4.38461633E-04	4.00353252E-04	3.67850706E-04	4.89075668E-04	4.55980655E-04	4.77886584E-04	3.68025794E-04	4.38917225E-04	5.55753883E-04	4.44456178E-04	4.19428048E-04	5.38672903E-04
162.000000	2.51131307E-04	2.78945256E-04	3.89845751E-04	2.48485216E-04	2.71992292E-04	2.61584442E-04	2.53787439E-04	3.73642804E-04	3.07964045E-04	3.21037893E-04	4.13174886E-04	3.61317536E-04	4.01211961E-04	3.06498521E-04	3.62238934E-04	4.49093204E-04	3.69759015E-04	3.38793703E-04	4.29079460E-04
163.000000	1.80820149E-04	2.23333220E-04	3.11190030E-04	2.18027693E-04	2.13570587E-04	2.19108260E-04	1.82357981E-04	2.96496466E-04	2.59122869E-04	2.73060985E-04	3.32671596E-04	2.87344505E-04	3.43276392E-04	2.50010460E-04	2.87964329E-04	3.67071480E-04	2.74078600E-04	2.72151054E-04	3.42035084E-04
164.000000	1.56309281E-04	1.70818937E-04	2.25370241E-04	1.64500845E-04	1.91758794E-04	1.86019082E-04	1.39311087E-04	2.34461259E-04	2.06592551E-04	2.13609514E-04	2.70820514E-04	2.39893110E-04	2.73557322E-04	1.92790903E-04	2.18817630E-04	3.10580246E-04	2.15746782E-04	2.19985392E-04	2.77620624E-04
165.000000	1.17932272E-04	1.19337237E-04	1.97758651E-04	1.37963580E-04	1.45283499E-04	1.49879124E-04	1.16526200E-04	1.88968770E-04	1.55906804E-04	1.84008502E-04	2.09857637E-04	1.86530277E-04	2.34524472E-04	1.75316178E-04	1.85486191E-04	2.43795774E-04	1.82043936E-04	1.85693556E-04	2.15711625E-04
166.000000	1.07847802E-04	1.07388762E-04	1.50445834E-04	9.25788408E-05	1.03278449E-04	1.02865888E-04	9.69737666E-05	1.67574588E-04	1.28478758E-04	1.50998399E-04	1.57534538E-04	1.52978799E-04	1.99255795E-04	1.46625127E-04	1.38934367E-04	1.75147157E-04	1.48179068E-04	1.38784904E-04	1.64875135E-04
167.000000	9.21608516E-05	8.08365949E-05	1.19998462E-04	8.23258088E-05	8.77096099E-05	8.08846598E-05	6.63048268E-05	1.37352297E-04	1.00729907E-04	1.27550404E-04	1.22975442E-04	1.19107768E-04	1.57931689E-04	1.25899285E-04	1.22348778E-04	1.33487905E-04	1.11964720E-04	1.08051652E-04	1.34971313E-04
168.000000	6.83502949E-05	5.11866747E-05	9.31331306E-05	7.07157596E-05	6.93661204E-05	6.13284064E-05	5.40057154E-05	1.06970961E-04	8.30861318E-05	1.11170069E-04	9.68138920E-05	9.68998793E-05	1.29864042E-04	9.85086735E-05	9.63887214E-05	1.12253038E-04	9.00092637E-05	8.69427604E-05	1.09189365E-04
169.000000	4.49599283E-05	2.77322615E-05	7.50736654E-05	5.09635975E-05	6.15817044E-05	4.97511064E-05	4.14700808E-05	8.23954761E-05	5.51768899E-05	8.09870253E-05	7.86461460E-05	7.83666837E-05	1.00732599E-04	7.11993416E-05	7.57969538E-05	8.85866975E-05	7.35629292E-05	7.03629776E-05	8.45389150E-05
170.000000	4.25788749E-05	2.64046539E-05	6.25365137E-05	3.64887273E-05	4.84792145E-05	4.01294310E-05	2.94863312E-05	5.55135521E-05	4.33074456E-05	7.35036228E-05	5.36150328E-05	6.32685114E-05	7.96204840E-05	5.66506169E-05	6.15349491E-05	6.45151013E-05	6.18965569E-05	5.55624902E-05	6.40911676E-05
171.000000	3.06735965E-05	1.65213478E-05	4.56710550E-05	2.54817987E-05	3.75347809E-05	3.39496546E-05	2.58596701E-05	4.25497856E-05	3.63301333E-05	5.99503546E-05	4.03727681E-05	5.10461869E-05	7.14374983E-05	5.26680051E-05	4.75133129E-05	5.19524910E-05	4.94200285E-05	4.67468963E-05	5.64939801E-05
172.000000	2.17096222E-05	1.01783298E-05	4.52232998E-05	3.07590926E-05	2.73610822E-05	2.40933041E-05	1.75814221E-05	3.75392519E-05	2.96736198E-05	4.94735941E-05	2.60808065E-05	3.90635141E-05	5.09800229E-05	4.23457241E-05	3.82990947E-05	4.84673765E-05	4.32627785E-05	4.23795391E-05	4.75228335E-05
173.000000	1.77878846E-05	6.04799334E-06	2.67160758E-05	2.80450568E-05	2.33532610E-05	1.77570782E-05	1.41124419E-05	2.81544380E-05	1.98893449E-05	3.37584497E-05	2.38199318E-05	3.28325259E-05	4.23878846E-05	3.49494476E-05	2.86041359E-05	3.05555222E-05	3.70245143E-05	4.10046305E-05	3.16010664E-05
174.000000	1.28857118E-05	5.01540899E-06	2.26862758E-05	1.91490435E-05	2.18117930E-05	1.55667767E-05	1.37970801E-05	2.00421418E-05	1.96487472E-05	3.00999000E-05	1.60683612E-05	2.24475407E-05	3.37957463E-05	3.39741127E-05	2.56395615E-05	2.35852949E-05	2.87608364E-05	2.70129131E-05	2.38422363E-05
175.000000	1.23254631E-05	3.68780093E-06	2.43280465E-05	1.70381263E-05	1.90371466E-05	1.04821520E-05	1.37970801E-05	1.23275086E-05	1.59595947E-05	1.92073949E-05	1.36459948E-05	1.82935473E-05	2.99497406E-05	2.43833347E-05	1.73067037E-05	2.09106747E-05	2.43859486E-05	2.08662623E-05	2.55394807E-05
176.000000	1.09248422E-05	4.13033695E-06	1.56714414E-05	1.25147290E-05	1.40273714E-05	9.38700123E-06	7.80520531E-06	9.86200666E-06	1.35536256E-05	1.57982904E-05	9.68946370E-06	1.67757426E-05	2.20940710E-05	1.72308901E-05	1.28197807E-05	2.40715908E-05	1.49880416E-05	1.66606587E-05	1.64875128E-05
177.000000	7.70341467E-06	3.39277676E-06	9.55211635E-06	1.49272073E-05	7.47612648E-06	8.37007610E-06	5.67651296E-06	7.39650523E-06	8.66148912E-06	1.33038229E-05	7.10560698E-06	1.11039435E-05	1.35837627E-05	1.14601680E-05	1.04961955E-05	1.66150712E-05	1.74995512E-05	1.43152265E-05	1.38204150E-05
178.000000	5.74254545E-06	1.18009621E-06	4.62680646E-06	7.84055374E-06	4.16196735E-06	3.36367543E-06	1.89217099E-06	4.53334178E-06	4.81193820E-06	1.08925051E-05	4.44100442E-06	1.07844062E-05	8.91945820E-06	1.07286678E-05	9.13409349E-06	7.45651960E-06	1.09372195E-05	7.52155938E-06	1.26889190E-05
179.000000	2.10093117E-06	4.42536106E-07	1.49251821E-06	2.26169800E-06	1.92683683E-06	1.72095031E-06	2.12869236E-06	3.97661552E-06	2.32577008E-06	6.56876273E-06	2.82609358E-06	4.31376247E-06	5.56443274E-06	6.58350064E-06	5.36828293E-06	5.51134053E-06	8.83079156E-06	2.42630949E-06	5.57665908E-06
180.000000	1.12049668E-06	2.95024051E-07	0.00000000	7.53899371E-07	1.07902861E-06	8.60475154E-07	1.89217099E-06	6.36258505E-07	1.04258663E-06	2.57761576E-06	1.04969195E-06	1.19826734E-06	1.39110819E-06	2.11322231E-06	1.60247259E-06	1.13468775E-06	2.43049317E-06	8.89646856E-07	1.05067488E-06
181.000000	0.00000000	0.00000000	0.00000000	0.00000000	0.00000000	0.00000000	0.00000000	0.00000000	0.00000000	0.00000000	0.00000000	0.00000000	0.00000000	0.00000000	0.00000000	0.00000000	0.00000000	0.00000000	0.00000000
182.000000	0.00000000	0.00000000	0.00000000	0.00000000	0.00000000	0.00000000	0.00000000	0.00000000	0.00000000	0.00000000	0.00000000	0.00000000	0.00000000	0.00000000	0.00000000	0.00000000	0.00000000	0.00000000	0.00000000
183.000000	0.00000000	0.00000000	0.00000000	0.00000000	0.00000000	0.00000000	0.00000000	0.00000000	0.00000000	0.00000000	0.00000000	0.00000000	0.00000000	0.00000000	0.00000000	0.00000000	0.00000000	0.00000000	0.00000000
184.000000	0.00000000	0.00000000	0.00000000	0.00000000	0.00000000	0.00000000	0.00000000	0.00000000	0.00000000	0.00000000	0.00000000	0.00000000	0.00000000	0.00000000	0.00000000	0.00000000	0.00000000	0.00000000	0.00000000
185.000000	0.00000000	0.00000000	0.00000000	0.00000000	0.00000000	0.00000000	0.00000000	0.00000000	0.00000000	0.00000000	0.00000000	0.00000000	0.00000000	0.00000000	0.00000000	0.00000000	0.00000000	0.00000000	0.00000000
186.000000	0.00000000	0.00000000	0.00000000	0.00000000	0.00000000	0.00000000	0.00000000	0.00000000	0.00000000	0.00000000	0.00000000	0.00000000	0.00000000	0.00000000	0.00000000	0.00000000	0.00000000	0.00000000	0.00000000
187.000000	0.00000000	0.00000000	0.00000000	0.00000000	0.00000000	0.00000000	0.00000000	0.00000000	0.00000000	0.00000000	0.00000000	0.00000000	0.00000000	0.00000000	0.00000000	0.00000000	0.00000000	0.00000000	0.00000000
188.000000	0.00000000	0.00000000	0.00000000	0.00000000	0.00000000	0.00000000	0.00000000	0.00000000	0.00000000	0.00000000	0.00000000	0.00000000	0.00000000	0.00000000	0.00000000	0.00000000	0.00000000	0.00000000	0.00000000
