31.0000000	0.00000000	0.00000000	0.00000000	0.00000000	0.00000000	0.00000000	0.00000000	0.00000000
32.0000000	0.00000000	0.00000000	0.00000000	0.00000000	0.00000000	0.00000000	0.00000000	0.00000000
33.0000000	0.00000000	0.00000000	0.00000000	0.00000000	0.00000000	0.00000000	0.00000000	0.00000000
34.0000000	0.00000000	0.00000000	0.00000000	0.00000000	0.00000000	0.00000000	0.00000000	0.00000000
35.0000000	0.00000000	0.00000000	0.00000000	0.00000000	0.00000000	0.00000000	0.00000000	0.00000000
36.0000000	0.00000000	0.00000000	0.00000000	0.00000000	0.00000000	0.00000000	0.00000000	0.00000000
37.0000000	0.00000000	0.00000000	0.00000000	0.00000000	0.00000000	0.00000000	0.00000000	0.00000000
38.0000000	0.00000000	0.00000000	0.00000000	0.00000000	0.00000000	0.00000000	0.00000000	0.00000000
39.0000000	0.00000000	0.00000000	0.00000000	0.00000000	0.00000000	0.00000000	0.00000000	0.00000000
40.0000000	0.00000000	0.00000000	0.00000000	0.00000000	0.00000000	0.00000000	0.00000000	0.00000000
41.0000000	0.00000000	0.00000000	0.00000000	0.00000000	0.00000000	0.00000000	0.00000000	0.00000000
42.0000000	0.00000000	0.00000000	0.00000000	0.00000000	0.00000000	0.00000000	0.00000000	0.00000000
43.0000000	0.00000000	0.00000000	0.00000000	0.00000000	0.00000000	0.00000000	0.00000000	0.00000000
44.0000000	0.00000000	0.00000000	0.00000000	0.00000000	0.00000000	0.00000000	0.00000000	0.00000000
45.0000000	0.00000000	0.00000000	0.00000000	0.00000000	0.00000000	0.00000000	0.00000000	0.00000000
46.0000000	0.00000000	0.00000000	0.00000000	0.00000000	0.00000000	0.00000000	0.00000000	0.00000000
47.0000000	0.00000000	0.00000000	0.00000000	0.00000000	0.00000000	0.00000000	0.00000000	0.00000000
48.0000000	0.00000000	0.00000000	0.00000000	0.00000000	0.00000000	0.00000000	0.00000000	0.00000000
49.0000000	0.00000000	0.00000000	0.00000000	0.00000000	0.00000000	0.00000000	0.00000000	0.00000000
50.0000000	0.00000000	0.00000000	0.00000000	0.00000000	0.00000000	0.00000000	0.00000000	0.00000000
51.0000000	0.00000000	0.00000000	0.00000000	0.00000000	0.00000000	0.00000000	0.00000000	0.00000000
52.0000000	0.00000000	0.00000000	0.00000000	0.00000000	0.00000000	0.00000000	0.00000000	0.00000000
53.0000000	0.00000000	0.00000000	0.00000000	0.00000000	0.00000000	0.00000000	0.00000000	0.00000000
54.0000000	0.00000000	0.00000000	0.00000000	0.00000000	0.00000000	0.00000000	0.00000000	0.00000000
55.0000000	0.00000000	0.00000000	0.00000000	0.00000000	0.00000000	0.00000000	0.00000000	0.00000000
56.0000000	5.78532280E-08	0.00000000	0.00000000	0.00000000	0.00000000	0.00000000	0.00000000	0.00000000
57.0000000	1.50418396E-06	2.46887026E-07	1.95138199E-07	0.00000000	0.00000000	0.00000000	0.00000000	0.00000000
58.0000000	7.52091955E-06	1.29615682E-06	4.55322464E-07	0.00000000	0.00000000	0.00000000	0.00000000	0.00000000
59.0000000	2.07114554E-05	3.70330531E-06	2.21156620E-06	4.14563345E-07	0.00000000	0.00000000	0.00000000	0.00000000
60.0000000	5.81424938E-05	1.56156038E-05	7.54534358E-06	8.29126691E-07	1.44242961E-07	5.22809842E-07	0.00000000	7.36019160E-07
61.0000000	1.45327314E-04	5.04266718E-05	2.51728270E-05	5.04385389E-06	3.67819575E-06	8.96245467E-07	0.00000000	1.22669860E-06
62.0000000	2.93200166E-04	1.25850653E-04	8.40395151E-05	2.21791379E-05	1.48570252E-05	2.01655234E-06	4.71537220E-07	3.35297614E-06
63.0000000	5.60134940E-04	2.99967738E-04	2.07106670E-04	6.11480937E-05	3.67819557E-05	7.84214808E-06	5.18690968E-06	7.36019138E-06
64.0000000	9.70140798E-04	6.12218108E-04	4.38280404E-04	1.55668531E-04	8.53918391E-05	2.80076711E-05	1.14740724E-05	1.95453977E-05
65.0000000	1.66484236E-03	1.13358174E-03	8.10473983E-04	3.40011029E-04	1.95016488E-04	9.80641926E-05	4.07879706E-05	3.36933190E-05
66.0000000	2.80565023E-03	1.96633162E-03	1.44142087E-03	6.90731627E-04	4.19242191E-04	2.25704483E-04	1.17962896E-04	8.10438869E-05
67.0000000	4.38336562E-03	3.14663677E-03	2.31830683E-03	1.24569377E-03	7.81075680E-04	5.04959607E-04	2.89130898E-04	2.12382409E-04
68.0000000	6.29749754E-03	4.72257845E-03	3.53987189E-03	2.06887838E-03	1.36165356E-03	9.89455031E-04	5.90521784E-04	4.51833970E-04
69.0000000	8.32241867E-03	6.66070310E-03	5.08465106E-03	3.19932355E-03	2.24990188E-03	1.83961855E-03	1.16406824E-03	8.66703398E-04
70.0000000	1.05217667E-02	8.63734260E-03	6.92064129E-03	4.60483134E-03	3.48851620E-03	3.03603150E-03	1.96308806E-03	1.48896675E-03
71.0000000	1.25328032E-02	1.07144024E-02	8.75058211E-03	6.16462575E-03	4.94803861E-03	4.68034344E-03	3.05375364E-03	2.44268402E-03
72.0000000	1.45512437E-02	1.24596469E-02	1.05250385E-02	7.80926785E-03	6.54192362E-03	6.30038138E-03	4.43637930E-03	3.47793568E-03
73.0000000	1.62605178E-02	1.37615437E-02	1.20037310E-02	9.34294518E-03	8.22523888E-03	7.96777196E-03	5.97390532E-03	4.65466687E-03
74.0000000	1.77093353E-02	1.47716822E-02	1.30180595E-02	1.05200978E-02	9.74794012E-03	9.33028851E-03	7.45319622E-03	5.80408331E-03
75.0000000	1.85578689E-02	1.53284743E-02	1.38886357E-02	1.15444837E-02	1.09425597E-02	1.03136944E-02	8.74457974E-03	7.13742292E-03
76.0000000	1.92605555E-02	1.56644881E-02	1.44045167E-02	1.24185206E-02	1.18408334E-02	1.09352404E-02	9.79500730E-03	8.55785795E-03
77.0000000	1.92950349E-02	1.58451479E-02	1.49878496E-02	1.31281847E-02	1.24899987E-02	1.16732242E-02	1.06347362E-02	1.01094684E-02
78.0000000	1.95094384E-02	1.62431914E-02	1.55094536E-02	1.40044335E-02	1.32912686E-02	1.23545947E-02	1.15921926E-02	1.16035873E-02
79.0000000	1.94788352E-02	1.67489387E-02	1.62537117E-02	1.51824150E-02	1.41336471E-02	1.33972270E-02	1.26837231E-02	1.28390361E-02
80.0000000	1.97225697E-02	1.74547266E-02	1.71155706E-02	1.65084638E-02	1.52398469E-02	1.46036474E-02	1.38708176E-02	1.40713770E-02
81.0000000	2.00649463E-02	1.84367821E-02	1.80174354E-02	1.78453624E-02	1.66958347E-02	1.61843263E-02	1.53118353E-02	1.55191272E-02
82.0000000	2.03537494E-02	1.95641909E-02	1.88441705E-02	1.94170419E-02	1.84025895E-02	1.77278109E-02	1.68724656E-02	1.68952383E-02
83.0000000	2.05580294E-02	2.06447542E-02	1.99625082E-02	2.07245052E-02	1.99856572E-02	1.93597991E-02	1.85342431E-02	1.82734746E-02
84.0000000	2.08076667E-02	2.17466112E-02	2.10193116E-02	2.18745731E-02	2.15576887E-02	2.07511447E-02	2.04268359E-02	1.96783710E-02
85.0000000	2.10540630E-02	2.25302912E-02	2.20082719E-02	2.30942871E-02	2.28587594E-02	2.21080612E-02	2.17735451E-02	2.07839534E-02
86.0000000	2.12627389E-02	2.32192911E-02	2.27886289E-02	2.38522477E-02	2.40070056E-02	2.31189504E-02	2.33344119E-02	2.21797731E-02
87.0000000	2.12179609E-02	2.35458612E-02	2.33296826E-02	2.46348046E-02	2.47992612E-02	2.40081009E-02	2.43290421E-02	2.35447623E-02
88.0000000	2.11142302E-02	2.35279631E-02	2.38026977E-02	2.52930615E-02	2.52063144E-02	2.47339848E-02	2.51066070E-02	2.43351646E-02
89.0000000	2.08467748E-02	2.33613141E-02	2.39772815E-02	2.55339928E-02	2.54697017E-02	2.49127112E-02	2.53562853E-02	2.48033535E-02
90.0000000	2.05008127E-02	2.32178103E-02	2.40373183E-02	2.54703574E-02	2.55059078E-02	2.50652228E-02	2.54605748E-02	2.49747653E-02
91.0000000	2.01293360E-02	2.29940694E-02	2.37749871E-02	2.53568348E-02	2.53170934E-02	2.50441600E-02	2.51356848E-02	2.46262997E-02
92.0000000	1.95034798E-02	2.23883931E-02	2.35229991E-02	2.48633660E-02	2.48618629E-02	2.45071594E-02	2.45806072E-02	2.43501291E-02
93.0000000	1.89789832E-02	2.15914417E-02	2.31736358E-02	2.43030153E-02	2.42445022E-02	2.38717962E-02	2.40506772E-02	2.37007979E-02
94.0000000	1.82437263E-02	2.10785344E-02	2.27861572E-02	2.35916935E-02	2.38552634E-02	2.31556967E-02	2.32075695E-02	2.30611153E-02
95.0000000	1.74815673E-02	2.02580672E-02	2.20497064E-02	2.28443053E-02	2.31646281E-02	2.24982258E-02	2.23499220E-02	2.21060887E-02
96.0000000	1.68267265E-02	1.93949509E-02	2.13000495E-02	2.21352633E-02	2.24064868E-02	2.17537452E-02	2.16110218E-02	2.13456992E-02
97.0000000	1.61123555E-02	1.84514709E-02	2.03992259E-02	2.11907495E-02	2.16805842E-02	2.09943261E-02	2.08494905E-02	2.05953699E-02
98.0000000	1.52495904E-02	1.76937748E-02	1.95082910E-02	2.02078894E-02	2.09436454E-02	2.00825464E-02	2.04376802E-02	2.00163666E-02
99.0000000	1.46166757E-02	1.67444944E-02	1.85173787E-02	1.92253739E-02	2.00812183E-02	1.92659907E-02	1.96568929E-02	1.94525775E-02
100.000000	1.38376243E-02	1.59317423E-02	1.75318662E-02	1.83640495E-02	1.92157589E-02	1.85050797E-02	1.93028487E-02	1.89332739E-02
101.000000	1.30880782E-02	1.51236197E-02	1.65875927E-02	1.74984410E-02	1.82525050E-02	1.78321488E-02	1.88587382E-02	1.86060723E-02
102.000000	1.23728383E-02	1.43018560E-02	1.55094536E-02	1.64330825E-02	1.74187813E-02	1.72529500E-02	1.81664433E-02	1.85377859E-02
103.000000	1.16541283E-02	1.35103362E-02	1.44354133E-02	1.55303022E-02	1.64722577E-02	1.64912902E-02	1.75789073E-02	1.82025712E-02
104.000000	1.10327844E-02	1.26675880E-02	1.33149950E-02	1.44996978E-02	1.55687202E-02	1.58465169E-02	1.72092225E-02	1.77488569E-02
105.000000	1.04710869E-02	1.18313199E-02	1.22917546E-02	1.35665163E-02	1.46172214E-02	1.53891323E-02	1.64608937E-02	1.74573921E-02
106.000000	9.87097528E-03	1.10247396E-02	1.14441393E-02	1.26254568E-02	1.37161361E-02	1.49499718E-02	1.58697423E-02	1.71456467E-02
107.000000	9.28538572E-03	1.01061352E-02	1.07020941E-02	1.17100319E-02	1.27734356E-02	1.44888535E-02	1.53439790E-02	1.67041179E-02
108.000000	8.57465807E-03	9.22166184E-03	9.94060002E-03	1.08183064E-02	1.17951082E-02	1.39048751E-02	1.47609226E-02	1.62448417E-02
109.000000	7.94267002E-03	8.50519631E-03	9.31771845E-03	1.00386515E-02	1.10909138E-02	1.32777272E-02	1.40441861E-02	1.55700762E-02
110.000000	7.38623738E-03	7.72102131E-03	8.61340016E-03	9.19418596E-03	1.03373891E-02	1.26038250E-02	1.34641165E-02	1.49990888E-02
111.000000	6.99810032E-03	7.10534677E-03	8.01237393E-03	8.61538574E-03	9.74555966E-03	1.19042313E-02	1.27720572E-02	1.43081304E-02
112.000000	6.53417502E-03	6.60811597E-03	7.34240003E-03	8.11528414E-03	9.02917702E-03	1.11699076E-02	1.20447110E-02	1.34709496E-02
113.000000	6.03339728E-03	6.08983869E-03	6.76453067E-03	7.56743923E-03	8.38722382E-03	1.04682967E-02	1.13645969E-02	1.26753943E-02
114.000000	5.67696383E-03	5.65383630E-03	6.20624004E-03	7.05980649E-03	7.78479315E-03	9.78886802E-03	1.05944984E-02	1.18450830E-02
115.000000	5.32857142E-03	5.17536933E-03	5.77791175E-03	6.55880664E-03	7.21012894E-03	8.98187328E-03	9.94267687E-03	1.10496916E-02
116.000000	5.03132166E-03	4.75393282E-03	5.37735829E-03	6.11480931E-03	6.66229427E-03	8.29460286E-03	9.33156442E-03	1.01501942E-02
117.000000	4.74969205E-03	4.47853049E-03	4.98402491E-03	5.71751921E-03	6.18802337E-03	7.73661491E-03	8.52004904E-03	9.35365818E-03
118.000000	4.54171002E-03	4.21176897E-03	4.68110526E-03	5.40120760E-03	5.75377978E-03	7.18086818E-03	7.80897075E-03	8.58206488E-03
119.000000	4.36138129E-03	4.01500007E-03	4.38703177E-03	5.00958320E-03	5.37283439E-03	6.57635042E-03	7.18481280E-03	7.85733107E-03
120.000000	4.18006955E-03	3.80397355E-03	4.08066483E-03	4.66197217E-03	5.10014268E-03	6.04816340E-03	6.65307604E-03	7.27268681E-03
121.000000	4.03896533E-03	3.67744383E-03	3.82022047E-03	4.36390098E-03	4.71811555E-03	5.58024831E-03	6.14585914E-03	6.62678899E-03
122.000000	3.92777147E-03	3.53381736E-03	3.64010781E-03	4.08676546E-03	4.35375748E-03	5.14205918E-03	5.57970023E-03	6.13970822E-03
123.000000	3.91197763E-03	3.47740366E-03	3.45726334E-03	3.77549743E-03	4.08676406E-03	4.78639873E-03	5.18455170E-03	5.67258103E-03
124.000000	3.86158726E-03	3.35686095E-03	3.25887301E-03	3.51501349E-03	3.84133449E-03	4.40385146E-03	4.85251099E-03	5.19261509E-03
125.000000	3.80442827E-03	3.28427623E-03	3.17613431E-03	3.32168862E-03	3.57448496E-03	4.08665510E-03	4.47653886E-03	4.73154010E-03
126.000000	3.79783311E-03	3.18613858E-03	3.12442263E-03	3.18059907E-03	3.42663587E-03	3.75504442E-03	4.19275183E-03	4.46935371E-03
127.000000	3.81102366E-03	3.14750080E-03	2.99803820E-03	3.00074765E-03	3.38408421E-03	3.53628583E-03	3.92295374E-03	4.17568209E-03
128.000000	3.87934828E-03	3.13108298E-03	2.93624448E-03	2.85765412E-03	3.19144782E-03	3.36383330E-03	3.75830894E-03	3.89812095E-03
129.000000	3.96173121E-03	3.15268547E-03	2.93949666E-03	2.75857351E-03	2.95402389E-03	3.11176432E-03	3.61150363E-03	3.66831943E-03
130.000000	4.04735422E-03	3.26143927E-03	2.93357763E-03	2.69956724E-03	2.90512550E-03	2.95716198E-03	3.45558207E-03	3.48938489E-03
131.000000	4.11093468E-03	3.24909482E-03	2.98333773E-03	2.66702403E-03	2.84274039E-03	2.81914021E-03	3.25855799E-03	3.28869699E-03
132.000000	4.20043385E-03	3.39062279E-03	3.06035229E-03	2.68643955E-03	2.82817194E-03	2.68179062E-03	3.15945665E-03	3.10992613E-03
133.000000	4.34674462E-03	3.54486541E-03	3.10686021E-03	2.76078447E-03	2.79009179E-03	2.54705502E-03	3.06585641E-03	2.99036386E-03
134.000000	4.38735727E-03	3.70213250E-03	3.15597001E-03	2.81806337E-03	2.76275771E-03	2.51023425E-03	2.96919141E-03	2.86270562E-03
135.000000	4.61379485E-03	3.90433311E-03	3.24358721E-03	2.89261574E-03	2.72179279E-03	2.45840126E-03	2.90003256E-03	2.77781789E-03
136.000000	4.84457146E-03	4.02789982E-03	3.35045788E-03	3.01200990E-03	2.73124059E-03	2.43509887E-03	2.82977358E-03	2.76187086E-03
137.000000	5.04746288E-03	4.31521470E-03	3.48334690E-03	3.09471530E-03	2.80898763E-03	2.44286633E-03	2.74749030E-03	2.69129477E-03
138.000000	5.22050168E-03	4.47371602E-03	3.57024837E-03	3.24686011E-03	2.81583914E-03	2.51254952E-03	2.65475456E-03	2.61573028E-03
139.000000	5.44288941E-03	4.68196534E-03	3.69975506E-03	3.28949094E-03	2.83430214E-03	2.57080537E-03	2.54386477E-03	2.60419934E-03
140.000000	5.50022209E-03	4.86589642E-03	3.92709114E-03	3.44011560E-03	2.97710276E-03	2.61800759E-03	2.47934274E-03	2.62914202E-03
141.000000	5.65509545E-03	4.92366776E-03	4.16281819E-03	3.50236916E-03	3.01467814E-03	2.72107590E-03	2.51612253E-03	2.61859247E-03
142.000000	5.66417817E-03	5.00477012E-03	4.33759671E-03	3.52482474E-03	3.08766495E-03	2.83743837E-03	2.57734396E-03	2.67641083E-03
143.000000	5.65295480E-03	5.05569065E-03	4.45298851E-03	3.50589305E-03	3.14911245E-03	2.90219230E-03	2.61616707E-03	2.69890041E-03
144.000000	5.61945746E-03	5.11346199E-03	4.58529219E-03	3.54071637E-03	3.30172153E-03	3.04730935E-03	2.60783662E-03	2.69472972E-03
145.000000	5.56334015E-03	5.03575429E-03	4.61885612E-03	3.58037627E-03	3.41769285E-03	3.14373034E-03	2.60508596E-03	2.76407902E-03
146.000000	5.53256227E-03	5.03057009E-03	4.68019443E-03	3.57153220E-03	3.56532563E-03	3.25912191E-03	2.64548091E-03	2.81960750E-03
147.000000	5.44427801E-03	4.90792887E-03	4.66666510E-03	3.67351482E-03	3.68071999E-03	3.39064607E-03	2.73177237E-03	2.91169179E-03
148.000000	5.44595579E-03	4.92274202E-03	4.63518267E-03	3.80769512E-03	3.77108809E-03	3.50880111E-03	2.85468646E-03	2.91561708E-03
149.000000	5.47684962E-03	4.99279611E-03	4.59661009E-03	3.95120308E-03	3.82907386E-03	3.53598711E-03	2.94545735E-03	3.00303986E-03
150.000000	5.48784155E-03	4.92045842E-03	4.67017759E-03	3.98892863E-03	4.00981028E-03	3.63128795E-03	3.11851152E-03	3.09258886E-03
151.000000	5.45336120E-03	4.95347939E-03	4.72292956E-03	4.16884897E-03	4.09642793E-03	3.72068840E-03	3.16778710E-03	3.15523217E-03
152.000000	5.37306070E-03	5.03069349E-03	4.77984501E-03	4.17202711E-03	4.12138226E-03	3.72912805E-03	3.28362803E-03	3.25173256E-03
153.000000	5.34153078E-03	5.00742439E-03	4.86368965E-03	4.32361942E-03	4.22689598E-03	3.71165131E-03	3.41990241E-03	3.39198508E-03
154.000000	5.32076135E-03	4.88237571E-03	4.91299434E-03	4.43486031E-03	4.24687378E-03	3.78170772E-03	3.63327283E-03	3.45830852E-03
155.000000	5.22455154E-03	4.90724994E-03	4.93068714E-03	4.45786864E-03	4.28545848E-03	3.89485876E-03	3.74361267E-03	3.67796933E-03
156.000000	5.20383986E-03	4.85052727E-03	4.94259037E-03	4.64055268E-03	4.45588166E-03	3.98336304E-03	3.79823241E-03	3.80415586E-03
157.000000	5.20372437E-03	4.84620687E-03	4.91097802E-03	4.77120932E-03	4.52158414E-03	4.05767653E-03	3.98181751E-03	3.93917458E-03
158.000000	5.11046499E-03	4.83941752E-03	4.93608555E-03	4.97393077E-03	4.67513083E-03	4.11182502E-03	4.16241633E-03	4.08556033E-03
159.000000	4.98093152E-03	4.90762014E-03	4.95098112E-03	5.14818588E-03	4.72035119E-03	4.27710731E-03	4.33829986E-03	4.27160971E-03
160.000000	4.90335049E-03	4.93397517E-03	4.93250834E-03	5.19959163E-03	4.84778965E-03	4.33528889E-03	4.49170638E-03	4.36696503E-03
161.000000	4.81471932E-03	4.95224493E-03	4.88905748E-03	5.36203105E-03	4.95344773E-03	4.48906934E-03	4.59458027E-03	4.51523205E-03
162.000000	4.75385785E-03	4.86941449E-03	4.91494592E-03	5.40535292E-03	5.08874748E-03	4.58048657E-03	4.65328665E-03	4.66480758E-03
163.000000	4.62750625E-03	4.92484029E-03	4.99820476E-03	5.53600956E-03	5.13591524E-03	4.65031900E-03	4.74845851E-03	4.68369853E-03
164.000000	4.45597153E-03	4.88583231E-03	4.97283693E-03	5.52516198E-03	5.23291854E-03	4.73456597E-03	4.83585009E-03	4.73718252E-03
165.000000	4.30092495E-03	4.91280481E-03	5.00757154E-03	5.57636051E-03	5.24366461E-03	4.88274544E-03	4.90673771E-03	4.71142214E-03
166.000000	4.23549255E-03	4.77911532E-03	5.03742741E-03	5.52840950E-03	5.25592547E-03	5.01957210E-03	4.95231990E-03	4.60208207E-03
167.000000	3.93708562E-03	4.61617019E-03	4.90206666E-03	5.34199411E-03	5.19692991E-03	5.10120532E-03	4.84410208E-03	4.60453564E-03
168.000000	3.81808169E-03	4.47957963E-03	4.76163207E-03	5.12987562E-03	5.04504191E-03	5.07386960E-03	4.82665515E-03	4.39297128E-03
169.000000	3.58915655E-03	4.28632880E-03	4.62971861E-03	4.88348678E-03	4.95214947E-03	4.95048659E-03	4.70374105E-03	4.25149174E-03
170.000000	3.33500723E-03	4.10344731E-03	4.44479287E-03	4.67848545E-03	4.82074404E-03	4.84331045E-03	4.44966089E-03	4.07967204E-03
171.000000	3.10718128E-03	3.93550238E-03	4.19794302E-03	4.37412690E-03	4.56932886E-03	4.64374665E-03	4.30167699E-03	3.89697589E-03
172.000000	2.85737100E-03	3.60269891E-03	3.88481119E-03	4.18543164E-03	4.14922088E-03	4.49564215E-03	3.96947889E-03	3.58711183E-03
173.000000	2.55942694E-03	3.24927992E-03	3.56920762E-03	3.71248368E-03	3.80945671E-03	4.09337692E-03	3.74314119E-03	3.24936095E-03
174.000000	2.24123406E-03	2.90295924E-03	3.14731896E-03	3.29467305E-03	3.42108263E-03	3.68954381E-03	3.38045042E-03	2.90204166E-03
175.000000	1.89203199E-03	2.50010146E-03	2.70298915E-03	2.81495415E-03	2.95712496E-03	3.27966083E-03	2.95866025E-03	2.49919388E-03
176.000000	1.52437470E-03	2.09316984E-03	2.27823853E-03	2.37420411E-03	2.46662693E-03	2.63802381E-03	2.52901134E-03	2.07017642E-03
177.000000	1.18599122E-03	1.62883708E-03	1.78492907E-03	1.84370135E-03	1.95283338E-03	2.08392018E-03	1.92245725E-03	1.61302683E-03
178.000000	8.64674337E-04	1.25702529E-03	1.25161640E-03	1.35665853E-03	1.43875147E-03	1.49867183E-03	1.43763842E-03	1.17648568E-03
179.000000	5.16282220E-04	7.58560374E-04	7.57981790E-04	8.15929729E-04	8.73463287E-04	9.16261633E-04	8.52617901E-04	7.13693211E-04
180.000000	1.62914686E-04	2.31147977E-04	2.51728285E-04	2.77342857E-04	2.89423508E-04	3.09951545E-04	2.78364139E-04	2.32745602E-04
181.000000	0.00000000	0.00000000	0.00000000	0.00000000	0.00000000	0.00000000	0.00000000	0.00000000
182.000000	0.00000000	0.00000000	0.00000000	0.00000000	0.00000000	0.00000000	0.00000000	0.00000000
183.000000	0.00000000	0.00000000	0.00000000	0.00000000	0.00000000	0.00000000	0.00000000	0.00000000
184.000000	0.00000000	0.00000000	0.00000000	0.00000000	0.00000000	0.00000000	0.00000000	0.00000000
185.000000	0.00000000	0.00000000	0.00000000	0.00000000	0.00000000	0.00000000	0.00000000	0.00000000
186.000000	0.00000000	0.00000000	0.00000000	0.00000000	0.00000000	0.00000000	0.00000000	0.00000000
187.000000	0.00000000	0.00000000	0.00000000	0.00000000	0.00000000	0.00000000	0.00000000	0.00000000
188.000000	0.00000000	0.00000000	0.00000000	0.00000000	0.00000000	0.00000000	0.00000000	0.00000000
