31.0000000	0.00000000	0.00000000	0.00000000	0.00000000	0.00000000	0.00000000	0.00000000	0.00000000	0.00000000	0.00000000	0.00000000
32.0000000	0.00000000	0.00000000	0.00000000	0.00000000	0.00000000	0.00000000	0.00000000	0.00000000	0.00000000	0.00000000	0.00000000
33.0000000	0.00000000	0.00000000	0.00000000	0.00000000	0.00000000	0.00000000	0.00000000	0.00000000	0.00000000	0.00000000	0.00000000
34.0000000	0.00000000	0.00000000	0.00000000	0.00000000	0.00000000	0.00000000	0.00000000	0.00000000	0.00000000	0.00000000	0.00000000
35.0000000	0.00000000	0.00000000	0.00000000	0.00000000	0.00000000	0.00000000	0.00000000	0.00000000	0.00000000	0.00000000	0.00000000
36.0000000	0.00000000	0.00000000	0.00000000	0.00000000	0.00000000	0.00000000	0.00000000	0.00000000	0.00000000	0.00000000	0.00000000
37.0000000	0.00000000	0.00000000	0.00000000	0.00000000	0.00000000	0.00000000	0.00000000	0.00000000	0.00000000	0.00000000	0.00000000
38.0000000	0.00000000	0.00000000	0.00000000	0.00000000	0.00000000	0.00000000	0.00000000	0.00000000	0.00000000	0.00000000	0.00000000
39.0000000	0.00000000	0.00000000	0.00000000	0.00000000	0.00000000	0.00000000	0.00000000	0.00000000	0.00000000	0.00000000	0.00000000
40.0000000	0.00000000	0.00000000	0.00000000	0.00000000	0.00000000	0.00000000	0.00000000	0.00000000	0.00000000	0.00000000	0.00000000
41.0000000	0.00000000	0.00000000	0.00000000	0.00000000	0.00000000	0.00000000	0.00000000	0.00000000	0.00000000	0.00000000	0.00000000
42.0000000	0.00000000	0.00000000	0.00000000	0.00000000	0.00000000	0.00000000	0.00000000	0.00000000	0.00000000	0.00000000	0.00000000
43.0000000	0.00000000	0.00000000	0.00000000	0.00000000	0.00000000	0.00000000	0.00000000	0.00000000	0.00000000	0.00000000	0.00000000
44.0000000	0.00000000	0.00000000	0.00000000	0.00000000	0.00000000	0.00000000	0.00000000	0.00000000	0.00000000	0.00000000	0.00000000
45.0000000	0.00000000	0.00000000	0.00000000	0.00000000	0.00000000	0.00000000	0.00000000	0.00000000	0.00000000	0.00000000	0.00000000
46.0000000	1.60135073E-06	0.00000000	0.00000000	0.00000000	0.00000000	0.00000000	0.00000000	0.00000000	0.00000000	0.00000000	0.00000000
47.0000000	4.27026862E-06	0.00000000	0.00000000	0.00000000	0.00000000	0.00000000	0.00000000	0.00000000	0.00000000	0.00000000	0.00000000
48.0000000	1.22770216E-05	0.00000000	0.00000000	0.00000000	0.00000000	0.00000000	0.00000000	0.00000000	0.00000000	0.00000000	0.00000000
49.0000000	4.48378196E-05	2.15008686E-06	0.00000000	0.00000000	0.00000000	0.00000000	0.00000000	0.00000000	0.00000000	0.00000000	0.00000000
50.0000000	5.81824097E-05	4.30017371E-06	2.83801319E-06	2.55984020E-07	1.36955464E-06	2.32787465E-06	0.00000000	0.00000000	0.00000000	0.00000000	0.00000000
51.0000000	1.00885096E-04	2.25759122E-05	4.73002228E-06	1.27992007E-06	8.21732726E-07	4.65574931E-06	8.69754047E-07	0.00000000	0.00000000	0.00000000	0.00000000
52.0000000	1.89226266E-04	5.19604328E-05	8.51404002E-06	2.55984014E-06	1.36955464E-06	1.04754363E-05	1.44959006E-06	6.18258866E-07	0.00000000	0.00000000	0.00000000
53.0000000	4.51047119E-04	1.65556688E-04	1.70280800E-05	1.22872325E-05	5.47821855E-06	1.83320135E-05	6.08827850E-06	2.78216476E-06	2.82449173E-06	0.00000000	0.00000000
54.0000000	8.38040200E-04	3.50464165E-04	5.86522765E-05	2.32945458E-05	2.51998044E-05	3.75369818E-05	2.69623761E-05	8.34649472E-06	4.39365385E-06	6.80099561E-07	4.90076991E-06
55.0000000	1.53462775E-03	6.04891102E-04	1.25345585E-04	6.42519881E-05	5.45082730E-05	7.53649438E-05	5.16054060E-05	1.63838595E-05	1.60054533E-05	4.76069681E-06	4.90076991E-06
56.0000000	2.37667141E-03	1.04637560E-03	2.77652289E-04	1.57942137E-04	1.46268430E-04	1.32106899E-04	9.13241747E-05	3.86411775E-05	4.61333657E-05	2.99243802E-05	1.89029688E-05
57.0000000	3.56460665E-03	1.54985429E-03	5.76589722E-04	3.48138245E-04	2.74732651E-04	2.64504779E-04	1.84387856E-04	1.17778312E-04	9.63465500E-05	7.95716478E-05	3.53555552E-05
58.0000000	5.09149441E-03	2.37799599E-03	1.11155526E-03	6.97556417E-04	4.64826822E-04	4.78378264E-04	3.86170781E-04	2.46685289E-04	2.20310350E-04	1.52002249E-04	9.45148495E-05
59.0000000	6.69738231E-03	3.41863814E-03	2.00978643E-03	1.23205106E-03	8.48028169E-04	8.54330021E-04	6.85656094E-04	4.63385019E-04	4.63216653E-04	2.66939081E-04	1.95680739E-04
60.0000000	8.66811164E-03	4.84987907E-03	3.31054255E-03	2.03737663E-03	1.49473187E-03	1.35540508E-03	1.26578205E-03	8.33722064E-04	8.60842294E-04	5.79444808E-04	4.08864231E-04
61.0000000	1.04477452E-02	6.63875137E-03	4.88043670E-03	3.18776886E-03	2.37261644E-03	2.28771893E-03	1.96738355E-03	1.31287263E-03	1.31276099E-03	1.00042648E-03	7.84123200E-04
62.0000000	1.26469340E-02	8.95833690E-03	6.23275014E-03	4.88417502E-03	3.60713294E-03	3.61111574E-03	3.03399190E-03	2.32403493E-03	2.08541634E-03	1.70296920E-03	1.38061692E-03
63.0000000	1.51738655E-02	1.16764046E-02	8.24017171E-03	6.99501904E-03	5.19910315E-03	5.12074260E-03	4.34471155E-03	3.42608150E-03	3.13110603E-03	2.48916424E-03	2.24420265E-03
64.0000000	1.77789964E-02	1.42314248E-02	9.91932955E-03	9.26406123E-03	7.06553226E-03	6.90534944E-03	5.89055428E-03	4.82365536E-03	4.37827595E-03	3.59058543E-03	3.13194213E-03
65.0000000	1.99202690E-02	1.71401333E-02	1.19395219E-02	1.17849922E-02	9.39870533E-03	9.08947829E-03	7.90548418E-03	6.44071167E-03	6.10874780E-03	4.54306509E-03	4.14815173E-03
66.0000000	2.19873451E-02	1.93529315E-02	1.38466666E-02	1.42158158E-02	1.17425611E-02	1.10710813E-02	9.75342188E-03	8.50136857E-03	8.00272636E-03	5.92196686E-03	5.10135153E-03
67.0000000	2.32331958E-02	2.15019435E-02	1.55674489E-02	1.59145258E-02	1.32605750E-02	1.29607338E-02	1.15265604E-02	1.04454830E-02	9.90549289E-03	7.39132194E-03	6.61813980E-03
68.0000000	2.38774735E-02	2.29518190E-02	1.70219298E-02	1.76849104E-02	1.51533000E-02	1.48960706E-02	1.35336630E-02	1.23790875E-02	1.16667198E-02	9.20650735E-03	7.71101145E-03
69.0000000	2.39305850E-02	2.35599354E-02	1.79310404E-02	1.86998881E-02	1.66179016E-02	1.65904723E-02	1.55253997E-02	1.44514916E-02	1.35139376E-02	1.05684064E-02	9.11263190E-03
70.0000000	2.34592538E-02	2.41107158E-02	1.84201244E-02	1.92725249E-02	1.70279462E-02	1.81454923E-02	1.69077292E-02	1.56669877E-02	1.50827859E-02	1.17058735E-02	1.06199682E-02
71.0000000	2.23567244E-02	2.35774927E-02	1.83761362E-02	1.92215834E-02	1.73793733E-02	1.87705271E-02	1.76116489E-02	1.63047221E-02	1.57418344E-02	1.28202168E-02	1.20628951E-02
72.0000000	2.08285023E-02	2.28654556E-02	1.81892999E-02	1.88176408E-02	1.77042317E-02	1.84411332E-02	1.79291107E-02	1.63857136E-02	1.61137246E-02	1.34836538E-02	1.31232115E-02
73.0000000	1.93891544E-02	2.13732962E-02	1.79915857E-02	1.80233214E-02	1.78874787E-02	1.75940767E-02	1.78476423E-02	1.64617598E-02	1.58604626E-02	1.40246730E-02	1.37015022E-02
74.0000000	1.81323607E-02	2.01495383E-02	1.76481865E-02	1.73626281E-02	1.80742852E-02	1.67039558E-02	1.76719520E-02	1.59198567E-02	1.51370792E-02	1.42960325E-02	1.42003307E-02
75.0000000	1.72187909E-02	1.90637447E-02	1.67982001E-02	1.68143101E-02	1.85188428E-02	1.56721249E-02	1.68546736E-02	1.53937181E-02	1.44281313E-02	1.39573431E-02	1.40872635E-02
76.0000000	1.60997137E-02	1.81564074E-02	1.63743906E-02	1.66952778E-02	1.88472625E-02	1.44802537E-02	1.67047866E-02	1.50063792E-02	1.39181539E-02	1.33408327E-02	1.35698821E-02
77.0000000	1.55715337E-02	1.79037731E-02	1.60886981E-02	1.67858955E-02	1.92507338E-02	1.44604668E-02	1.65795423E-02	1.51878381E-02	1.34226121E-02	1.28283780E-02	1.29684871E-02
78.0000000	1.49723617E-02	1.74028035E-02	1.63970944E-02	1.70106497E-02	1.93781015E-02	1.46984924E-02	1.68648213E-02	1.52063854E-02	1.38252592E-02	1.29586169E-02	1.24521563E-02
79.0000000	1.43654505E-02	1.70874558E-02	1.64278392E-02	1.77752730E-02	1.96059961E-02	1.54995723E-02	1.72634572E-02	1.60870962E-02	1.46628777E-02	1.34027218E-02	1.28676714E-02
80.0000000	1.37697477E-02	1.73981432E-02	1.72518101E-02	1.85084119E-02	2.07062960E-02	1.68238413E-02	1.81378499E-02	1.70583799E-02	1.60996020E-02	1.43773044E-02	1.37935672E-02
81.0000000	1.39029268E-02	1.70831569E-02	1.74391195E-02	1.96042787E-02	2.14940626E-02	1.81347262E-02	1.94103010E-02	1.83857810E-02	1.76985785E-02	1.59364324E-02	1.52834011E-02
82.0000000	1.41612776E-02	1.68269370E-02	1.80667918E-02	2.08056122E-02	2.21144725E-02	1.95483286E-02	2.08456852E-02	1.98105592E-02	1.98131818E-02	1.80699043E-02	1.71915516E-02
83.0000000	1.39128016E-02	1.68133210E-02	1.92601774E-02	2.19345018E-02	2.29655132E-02	2.07707528E-02	2.24625580E-02	2.13759914E-02	2.12972946E-02	2.07154918E-02	1.96247827E-02
84.0000000	1.38949202E-02	1.70168616E-02	1.98069680E-02	2.26860717E-02	2.39063967E-02	2.22687405E-02	2.37034075E-02	2.27083378E-02	2.33205725E-02	2.34559532E-02	2.23800652E-02
85.0000000	1.38271293E-02	1.66918412E-02	2.05722861E-02	2.32896805E-02	2.49187723E-02	2.37708017E-02	2.52077915E-02	2.40199752E-02	2.50152685E-02	2.56676376E-02	2.50149295E-02
86.0000000	1.38452780E-02	1.67850107E-02	2.10159607E-02	2.38054898E-02	2.55893059E-02	2.50624809E-02	2.62317825E-02	2.55031772E-02	2.71003712E-02	2.76331250E-02	2.75377762E-02
87.0000000	1.33301765E-02	1.63187999E-02	2.16914080E-02	2.42229998E-02	2.63770726E-02	2.63553243E-02	2.69835386E-02	2.66237725E-02	2.88860761E-02	2.93864217E-02	2.97991317E-02
88.0000000	1.26693528E-02	1.63739864E-02	2.19515599E-02	2.45844480E-02	2.66466010E-02	2.68549453E-02	2.75085811E-02	2.81258319E-02	2.98900269E-02	3.13862525E-02	3.20387818E-02
89.0000000	1.20648425E-02	1.57959703E-02	2.14733537E-02	2.41577234E-02	2.68232748E-02	2.73062624E-02	2.78338697E-02	2.89107114E-02	3.08393706E-02	3.25635076E-02	3.35083157E-02
90.0000000	1.17429718E-02	1.55325858E-02	2.16923542E-02	2.34750137E-02	2.66701579E-02	2.76935622E-02	2.83536911E-02	2.98959073E-02	3.12018469E-02	3.30395773E-02	3.46627943E-02
91.0000000	1.14944950E-02	1.49402367E-02	2.18304712E-02	2.28818990E-02	2.64874604E-02	2.76743565E-02	2.81005930E-02	2.98421178E-02	3.14243548E-02	3.35285664E-02	3.57322134E-02
92.0000000	1.14808837E-02	1.41206952E-02	2.14865990E-02	2.21623275E-02	2.56558657E-02	2.73371059E-02	2.74949539E-02	2.95985248E-02	3.15125398E-02	3.38852778E-02	3.58715355E-02
93.0000000	1.08745052E-02	1.34201255E-02	2.07875017E-02	2.12538410E-02	2.50075180E-02	2.67432071E-02	2.67805960E-02	2.89011281E-02	3.12699489E-02	3.31681147E-02	3.53569537E-02
94.0000000	1.04221236E-02	1.29682487E-02	2.00406313E-02	2.07004026E-02	2.40102094E-02	2.57154498E-02	2.57090591E-02	2.79616844E-02	3.03871371E-02	3.20959389E-02	3.46750468E-02
95.0000000	1.01405531E-02	1.25740664E-02	1.95865482E-02	1.99915841E-02	2.24409737E-02	2.42456887E-02	2.45598238E-02	2.66766325E-02	2.94227302E-02	3.10560651E-02	3.34432051E-02
96.0000000	9.73247550E-03	1.23432903E-02	1.86509509E-02	1.87984426E-02	2.09158380E-02	2.32979525E-02	2.28339434E-02	2.56475415E-02	2.82038059E-02	2.99699455E-02	3.19673717E-02
97.0000000	9.24192835E-03	1.16226524E-02	1.75923705E-02	1.78008713E-02	1.93701591E-02	2.20967699E-02	2.15835255E-02	2.42654234E-02	2.65423767E-02	2.84808688E-02	3.02633047E-02
98.0000000	9.09620523E-03	1.12707550E-02	1.64836533E-02	1.68422125E-02	1.75735764E-02	2.04148795E-02	2.00947970E-02	2.30313782E-02	2.48941295E-02	2.65357830E-02	2.84514204E-02
99.0000000	8.77219904E-03	1.08837392E-02	1.56374536E-02	1.55315734E-02	1.62579827E-02	1.92622915E-02	1.86156351E-02	2.15926897E-02	2.29602940E-02	2.48712394E-02	2.64424533E-02
100.000000	8.68786126E-03	1.05332751E-02	1.46370539E-02	1.44940708E-02	1.48385763E-02	1.74654629E-02	1.67111643E-02	1.98714584E-02	2.08937060E-02	2.30737366E-02	2.43305732E-02
101.000000	8.17382801E-03	1.00727985E-02	1.36248292E-02	1.35100679E-02	1.35700945E-02	1.60344020E-02	1.54143609E-02	1.84902679E-02	1.91911664E-02	2.14510188E-02	2.19071414E-02
102.000000	7.94830453E-03	9.39587969E-03	1.29290428E-02	1.25360489E-02	1.25621026E-02	1.49621237E-02	1.41326338E-02	1.67130828E-02	1.75171830E-02	1.94059610E-02	2.00511497E-02
103.000000	7.84128066E-03	8.98915436E-03	1.24059021E-02	1.17128044E-02	1.14872763E-02	1.37894573E-02	1.28413383E-02	1.52459545E-02	1.57361850E-02	1.77363157E-02	1.82326138E-02
104.000000	7.96138216E-03	8.26134998E-03	1.13979345E-02	1.08058527E-02	1.03272637E-02	1.25399707E-02	1.17773395E-02	1.40796090E-02	1.43405721E-02	1.58405378E-02	1.61784925E-02
105.000000	7.58986827E-03	7.91590288E-03	1.03719924E-02	9.84770525E-03	9.54606943E-03	1.16216233E-02	1.05240243E-02	1.29234651E-02	1.30268699E-02	1.44946212E-02	1.45062786E-02
106.000000	7.41718942E-03	7.49627780E-03	9.56079364E-03	9.22719948E-03	8.54355562E-03	1.05737895E-02	9.67775285E-03	1.16615985E-02	1.17646353E-02	1.29327727E-02	1.31477155E-02
107.000000	7.23356800E-03	7.27911899E-03	9.05893836E-03	8.65686685E-03	7.76866125E-03	9.55185201E-03	8.94947909E-03	1.08788824E-02	1.02325063E-02	1.14964023E-02	1.14278952E-02
108.000000	7.00590946E-03	6.73944689E-03	8.30118917E-03	8.03687423E-03	6.96802000E-03	8.87560472E-03	8.22294503E-03	9.70511790E-03	8.97215493E-03	1.04017826E-02	1.00322263E-02
109.000000	6.94799377E-03	6.31910516E-03	8.09164904E-03	7.46474974E-03	6.33145077E-03	7.81758502E-03	7.48336362E-03	8.82842764E-03	7.90292770E-03	9.33504663E-03	9.23655089E-03
110.000000	6.60450384E-03	5.90270478E-03	7.53681734E-03	6.66070404E-03	5.68721257E-03	7.20913708E-03	6.49126433E-03	7.96904787E-03	7.10265525E-03	8.18363763E-03	8.29525292E-03
111.000000	6.50495337E-03	5.96039882E-03	7.06570689E-03	6.45873277E-03	5.11199934E-03	6.43948372E-03	6.18772022E-03	7.14985467E-03	6.29014289E-03	7.30732968E-03	7.44391931E-03
112.000000	6.21831138E-03	5.75864920E-03	6.83913892E-03	6.07885234E-03	4.61293384E-03	5.95877739E-03	5.73196914E-03	6.44349400E-03	5.49426395E-03	6.40721759E-03	6.36505010E-03
113.000000	6.27596024E-03	5.73965674E-03	6.36282563E-03	5.61705697E-03	4.25657583E-03	5.52521087E-03	5.24490699E-03	5.66077791E-03	4.85969475E-03	5.72269736E-03	5.80146164E-03
114.000000	6.25087228E-03	5.58090862E-03	6.08753832E-03	5.23282494E-03	4.00211243E-03	5.15391491E-03	4.85409750E-03	5.07435948E-03	4.37702052E-03	4.96506691E-03	5.26587712E-03
115.000000	6.08993648E-03	5.55152399E-03	5.95651707E-03	4.91950056E-03	3.65041080E-03	4.81026201E-03	4.41023288E-03	4.59830044E-03	3.95334698E-03	4.54646535E-03	4.80835559E-03
116.000000	5.91779128E-03	5.54364035E-03	5.77015383E-03	4.57725022E-03	3.43949930E-03	4.50967532E-03	4.08784393E-03	3.99982557E-03	3.54379555E-03	4.18873318E-03	4.25176788E-03
117.000000	5.91111928E-03	5.64576965E-03	5.25552779E-03	4.08192119E-03	3.44662112E-03	4.12964961E-03	3.82430851E-03	3.74077517E-03	3.17315944E-03	4.01632767E-03	3.79074551E-03
118.000000	6.16706861E-03	5.71994763E-03	4.94381925E-03	3.84257594E-03	3.47017730E-03	3.91228450E-03	3.57352942E-03	3.31015792E-03	2.86434847E-03	3.68647953E-03	3.58316302E-03
119.000000	6.39446033E-03	5.65759512E-03	4.87097679E-03	3.73327080E-03	3.31870466E-03	3.85845243E-03	3.42393178E-03	3.23102088E-03	2.58566532E-03	3.41818039E-03	3.01292329E-03
120.000000	6.38111541E-03	5.72353089E-03	4.52946918E-03	3.67900217E-03	3.21872719E-03	3.73769389E-03	3.24331294E-03	2.75959843E-03	2.44255760E-03	3.23863397E-03	2.72517814E-03
121.000000	6.41928101E-03	5.63286897E-03	4.21634177E-03	3.55049828E-03	3.22009670E-03	3.57590662E-03	3.02558439E-03	2.55928258E-03	2.23480072E-03	3.05942772E-03	2.50394340E-03
122.000000	6.57728128E-03	5.59201743E-03	4.20025969E-03	3.40023567E-03	3.06643266E-03	3.41470120E-03	2.87250779E-03	2.32743542E-03	2.13280506E-03	2.87818117E-03	2.22354941E-03
123.000000	6.67256163E-03	5.65401139E-03	4.03518183E-03	3.36951762E-03	3.16805369E-03	3.38327489E-03	2.85221334E-03	2.31321552E-03	2.08667177E-03	2.60376115E-03	2.00756546E-03
124.000000	6.91303099E-03	5.74073195E-03	4.12978232E-03	3.32830404E-03	3.11299763E-03	3.12953652E-03	2.75943964E-03	2.20718421E-03	2.06690026E-03	2.37728795E-03	1.82763708E-03
125.000000	6.72166934E-03	5.55904955E-03	3.96375870E-03	3.37950094E-03	3.16394493E-03	3.03292973E-03	2.79104081E-03	2.10980838E-03	2.07003858E-03	2.36674631E-03	1.81783561E-03
126.000000	6.93705119E-03	5.57589158E-03	3.86632001E-03	3.47959064E-03	3.21050989E-03	2.92468374E-03	2.82177213E-03	2.07271287E-03	2.06282036E-03	2.22528563E-03	1.65611017E-03
127.000000	6.88767619E-03	5.77871688E-03	3.73908249E-03	3.44631262E-03	3.21680983E-03	2.96076573E-03	2.81017530E-03	2.11877306E-03	1.95046840E-03	2.09742691E-03	1.62005448E-03
128.000000	6.87059527E-03	5.86615363E-03	3.78212566E-03	3.37566109E-03	3.20201856E-03	2.76493328E-03	2.85424292E-03	2.17472552E-03	2.02013925E-03	2.09096610E-03	1.52904016E-03
129.000000	6.83643296E-03	5.79985930E-03	3.85213015E-03	3.34494305E-03	3.41840833E-03	2.70324457E-03	2.76494818E-03	2.24180659E-03	1.96929835E-03	2.06818269E-03	1.53359096E-03
130.000000	6.79586548E-03	5.98512497E-03	3.73482541E-03	3.34212719E-03	3.40005616E-03	2.75998656E-03	2.70928373E-03	2.27086479E-03	1.91720226E-03	1.92672201E-03	1.47898239E-03
131.000000	6.53831474E-03	5.83031867E-03	3.71164829E-03	3.33265588E-03	3.42854299E-03	2.78093736E-03	2.75335135E-03	2.39389832E-03	1.93383533E-03	1.75533688E-03	1.41667260E-03
132.000000	6.26261579E-03	5.78480866E-03	3.63029190E-03	3.44810472E-03	3.57837230E-03	2.74805608E-03	2.69130897E-03	2.33330880E-03	1.95894204E-03	1.71351084E-03	1.55704457E-03
133.000000	6.21804455E-03	5.61996875E-03	3.71543248E-03	3.26507608E-03	3.54824192E-03	2.68811337E-03	2.71566212E-03	2.43903114E-03	1.97808561E-03	1.66216330E-03	1.41107163E-03
134.000000	6.02134550E-03	5.48773818E-03	3.57542373E-03	3.29937786E-03	3.56002012E-03	2.83767935E-03	2.69043911E-03	2.44057691E-03	1.92034058E-03	1.56660925E-03	1.39391900E-03
135.000000	5.86201111E-03	5.22005232E-03	3.55035462E-03	3.15756281E-03	3.37759545E-03	2.79868743E-03	2.78640212E-03	2.45139631E-03	1.88079767E-03	1.55096699E-03	1.25249673E-03
136.000000	5.78514626E-03	4.99393512E-03	3.32425954E-03	3.07718385E-03	3.43539077E-03	2.67676497E-03	2.77393567E-03	2.37009535E-03	1.96113880E-03	1.41188665E-03	1.16708339E-03
137.000000	5.91485575E-03	4.98748478E-03	3.28594632E-03	3.09459073E-03	3.16531444E-03	2.65494105E-03	2.74755294E-03	2.35773018E-03	1.93446304E-03	1.23846123E-03	1.10617373E-03
138.000000	5.80142671E-03	4.94949985E-03	3.30959656E-03	3.04134609E-03	3.13436263E-03	2.51526874E-03	2.68696016E-03	2.37318664E-03	2.00350606E-03	1.15854957E-03	1.04561425E-03
139.000000	5.67225087E-03	4.64311242E-03	3.09769157E-03	3.04108998E-03	3.08478484E-03	2.43001035E-03	2.57969042E-03	2.29466776E-03	1.99189433E-03	1.07897795E-03	1.03406247E-03
140.000000	5.83638949E-03	4.44315420E-03	2.91463966E-03	3.11993319E-03	3.02205910E-03	2.29877629E-03	2.51996727E-03	2.22418620E-03	1.98153779E-03	1.03137095E-03	1.03966333E-03
141.000000	5.79448743E-03	4.26720548E-03	2.89997668E-03	3.18162516E-03	2.97631603E-03	2.11254624E-03	2.35123513E-03	2.05942034E-03	1.87295186E-03	9.03852284E-04	9.38497426E-04
142.000000	5.65623771E-03	4.05112188E-03	2.80206511E-03	3.18034529E-03	2.72130501E-03	2.00109929E-03	2.25411262E-03	2.01923330E-03	1.76907331E-03	8.22580419E-04	9.94506292E-04
143.000000	5.56896394E-03	3.88413179E-03	2.82855332E-03	3.18700098E-03	2.74157431E-03	1.90158270E-03	2.09030882E-03	2.00995943E-03	1.75432325E-03	7.18525145E-04	9.41647915E-04
144.000000	5.18624112E-03	3.79418652E-03	2.52062874E-03	3.19032883E-03	2.59530591E-03	1.79508247E-03	2.04015314E-03	1.90300075E-03	1.67115766E-03	6.79079385E-04	9.91005683E-04
145.000000	5.12165343E-03	3.48385726E-03	2.58921413E-03	2.99475691E-03	2.50053266E-03	1.80206599E-03	2.04073288E-03	1.87486992E-03	1.65389688E-03	7.04923179E-04	9.48999077E-04
146.000000	4.82860627E-03	3.48027376E-03	2.52346671E-03	2.95840716E-03	2.52135005E-03	1.80032011E-03	1.92302617E-03	1.76791113E-03	1.58202916E-03	7.51850021E-04	8.30330420E-04
147.000000	4.67114011E-03	3.36166075E-03	2.66915141E-03	2.97709415E-03	2.48409808E-03	1.61292625E-03	1.86910143E-03	1.71783217E-03	1.52491173E-03	7.81434355E-04	7.75021734E-04
148.000000	4.46109613E-03	3.23623908E-03	2.56982096E-03	2.81684799E-03	2.33837753E-03	1.65337301E-03	1.87721918E-03	1.53204543E-03	1.46936334E-03	7.63411750E-04	8.06876749E-04
149.000000	4.20754915E-03	3.27709061E-03	2.54096789E-03	2.72802170E-03	2.22853920E-03	1.70429528E-03	1.77400839E-03	1.53266371E-03	1.49635295E-03	8.06258002E-04	7.69770937E-04
150.000000	4.34606569E-03	3.31722549E-03	2.50360067E-03	2.63970718E-03	2.14088778E-03	1.70982396E-03	1.71660457E-03	1.44919869E-03	1.51549676E-03	8.71547556E-04	7.82022835E-04
151.000000	4.16804897E-03	3.35126859E-03	2.44731340E-03	2.58876639E-03	2.13677902E-03	1.62485661E-03	1.79923116E-03	1.41550368E-03	1.43986312E-03	8.54205049E-04	8.07926932E-04
152.000000	4.04901523E-03	3.22799711E-03	2.30588578E-03	2.44208751E-03	1.98311498E-03	1.58877450E-03	1.87055103E-03	1.35120470E-03	1.47156022E-03	8.90250318E-04	8.17028340E-04
153.000000	3.83737008E-03	3.14378529E-03	2.27088365E-03	2.36401241E-03	1.85629423E-03	1.59575813E-03	1.78966392E-03	1.35336863E-03	1.40722457E-03	9.47038585E-04	7.86573568E-04
154.000000	3.67696816E-03	3.12479283E-03	2.32906290E-03	2.26085074E-03	1.78617309E-03	1.57597126E-03	1.83779025E-03	1.33142038E-03	1.34602725E-03	1.00484712E-03	8.32430786E-04
155.000000	3.55713372E-03	3.05527332E-03	2.36879499E-03	2.18789536E-03	1.66729570E-03	1.55793014E-03	1.73602905E-03	1.34842261E-03	1.32531428E-03	9.85464198E-04	8.06176628E-04
156.000000	3.45784985E-03	2.79439613E-03	2.22311052E-03	2.04659207E-03	1.53143599E-03	1.44095451E-03	1.68877246E-03	1.30267139E-03	1.26599998E-03	9.67101543E-04	8.15278094E-04
157.000000	3.23286024E-03	2.67040776E-03	2.10391381E-03	1.89300172E-03	1.47911895E-03	1.40807324E-03	1.63339812E-03	1.21920649E-03	1.12414768E-03	1.03171100E-03	8.24029441E-04
158.000000	3.10822157E-03	2.52026017E-03	2.21838034E-03	1.76808157E-03	1.38215453E-03	1.38101168E-03	1.58527168E-03	1.17067317E-03	1.04882789E-03	9.50779184E-04	7.30564760E-04
159.000000	2.93714413E-03	2.55179475E-03	2.11715791E-03	1.62524253E-03	1.31805928E-03	1.35307724E-03	1.41566969E-03	1.14439719E-03	9.68172972E-04	9.31056275E-04	7.01860234E-04
160.000000	2.74551567E-03	2.50305934E-03	2.06796569E-03	1.50185823E-03	1.26711186E-03	1.24948681E-03	1.33855152E-03	1.04825792E-03	8.51427321E-04	8.56245344E-04	6.83307357E-04
161.000000	2.57577258E-03	2.45432416E-03	2.14553811E-03	1.43479032E-03	1.18219957E-03	1.12669135E-03	1.21272705E-03	1.02383667E-03	7.63240445E-04	7.89595593E-04	5.43635397E-04
162.000000	2.32355995E-03	2.33248575E-03	2.01924657E-03	1.21771591E-03	9.98131349E-04	9.93420603E-04	1.13126007E-03	9.45936074E-04	6.85409992E-04	7.90955790E-04	4.93227504E-04
163.000000	2.10844516E-03	2.32316880E-03	1.97147322E-03	1.15320797E-03	9.26092791E-04	9.10489995E-04	1.06718822E-03	8.87819740E-04	7.12713401E-04	6.99142343E-04	4.65923193E-04
164.000000	2.03184714E-03	1.92862784E-03	1.98282534E-03	1.12709764E-03	8.60628090E-04	8.21739784E-04	9.87460720E-04	7.67568359E-04	6.75367366E-04	6.05288602E-04	4.77124966E-04
165.000000	1.92108704E-03	1.76163774E-03	1.85180362E-03	1.13068137E-03	7.59281043E-04	7.38227274E-04	8.82510445E-04	6.49790047E-04	6.42101106E-04	5.17215696E-04	4.40719246E-04
166.000000	1.76041818E-03	1.72759476E-03	1.83950562E-03	1.03468739E-03	7.01211975E-04	6.76829601E-04	7.61904521E-04	5.76526392E-04	5.70233504E-04	4.92052000E-04	3.75258940E-04
167.000000	1.55651290E-03	1.43410789E-03	1.67017081E-03	9.72995244E-04	6.50812348E-04	6.67227083E-04	6.47966750E-04	5.00789669E-04	5.10919199E-04	4.29142819E-04	3.38853220E-04
168.000000	1.35207374E-03	1.25565066E-03	1.66449475E-03	8.52426747E-04	5.42343594E-04	5.86042472E-04	5.88533585E-04	3.43751919E-04	4.86440229E-04	4.26422397E-04	2.97196675E-04
169.000000	1.24371576E-03	1.05354248E-03	1.60253153E-03	7.89710670E-04	4.40448755E-04	5.32501377E-04	4.85902594E-04	3.22112872E-04	4.76711430E-04	3.13525874E-04	2.57640466E-04
170.000000	1.09772594E-03	9.17012047E-04	1.31967617E-03	7.81775161E-04	4.37709648E-04	4.74886445E-04	4.68797429E-04	3.16239399E-04	3.61221115E-04	2.52997037E-04	2.07932666E-04
171.000000	9.85898194E-04	7.22070807E-04	1.18723558E-03	6.97812415E-04	3.86214379E-04	3.80898506E-04	4.37776209E-04	2.56577419E-04	3.07869603E-04	2.69659475E-04	1.80628384E-04
172.000000	8.74871272E-04	6.64376828E-04	9.53099458E-04	6.20249251E-04	3.41019098E-04	3.91664915E-04	3.86460713E-04	2.42666603E-04	2.73348036E-04	2.65918934E-04	1.53324087E-04
173.000000	7.72384810E-04	5.87332062E-04	8.55660997E-04	5.32958715E-04	2.68706615E-04	3.52673029E-04	3.20359395E-04	2.16390603E-04	2.27528508E-04	2.40075140E-04	1.21469086E-04
174.000000	6.40540267E-04	4.79827693E-04	6.80177181E-04	4.73826396E-04	2.18580913E-04	3.23283602E-04	2.95136531E-04	1.80531584E-04	1.71352498E-04	2.15251508E-04	1.00465782E-04
175.000000	5.04425494E-04	3.92749178E-04	6.06388843E-04	4.44132253E-04	1.86259422E-04	3.15427023E-04	2.45560572E-04	1.28597836E-04	1.68214174E-04	2.10150756E-04	1.00815836E-04
176.000000	4.00070770E-04	3.61214596E-04	5.53885591E-04	4.06758598E-04	1.47090162E-04	2.65959679E-04	2.09900638E-04	8.90292722E-05	1.17059491E-04	1.40100499E-04	5.88092407E-05
177.000000	3.45891749E-04	2.98862054E-04	3.77455755E-04	3.12300486E-04	1.12851296E-04	1.99906252E-04	1.77719747E-04	8.19193010E-05	7.93996005E-05	9.65741347E-05	3.36052799E-05
178.000000	2.26057338E-04	1.86340854E-04	2.55894207E-04	2.19890266E-04	9.50470858E-05	1.19885553E-04	1.06399908E-04	6.21350118E-05	5.61760025E-05	8.22920410E-05	3.53555552E-05
179.000000	1.47591156E-04	1.36172166E-04	1.67442791E-04	1.30039873E-04	5.75212907E-05	6.48895075E-05	5.30549951E-05	4.60602860E-05	3.73460571E-05	5.23676645E-05	2.20534639E-05
180.000000	5.15101128E-05	2.83094760E-05	5.06112374E-05	4.22373632E-05	1.94476743E-05	2.29877623E-05	1.91345898E-05	1.23651771E-05	1.12979669E-05	8.84129440E-06	8.40131997E-06
181.000000	0.00000000	0.00000000	0.00000000	0.00000000	0.00000000	0.00000000	0.00000000	0.00000000	0.00000000	0.00000000	0.00000000
182.000000	0.00000000	0.00000000	0.00000000	0.00000000	0.00000000	0.00000000	0.00000000	0.00000000	0.00000000	0.00000000	0.00000000
183.000000	0.00000000	0.00000000	0.00000000	0.00000000	0.00000000	0.00000000	0.00000000	0.00000000	0.00000000	0.00000000	0.00000000
184.000000	0.00000000	0.00000000	0.00000000	0.00000000	0.00000000	0.00000000	0.00000000	0.00000000	0.00000000	0.00000000	0.00000000
185.000000	0.00000000	0.00000000	0.00000000	0.00000000	0.00000000	0.00000000	0.00000000	0.00000000	0.00000000	0.00000000	0.00000000
186.000000	0.00000000	0.00000000	0.00000000	0.00000000	0.00000000	0.00000000	0.00000000	0.00000000	0.00000000	0.00000000	0.00000000
187.000000	0.00000000	0.00000000	0.00000000	0.00000000	0.00000000	0.00000000	0.00000000	0.00000000	0.00000000	0.00000000	0.00000000
188.000000	0.00000000	0.00000000	0.00000000	0.00000000	0.00000000	0.00000000	0.00000000	0.00000000	0.00000000	0.00000000	0.00000000
