31.0000000	0.00000000	0.00000000	0.00000000	0.00000000	0.00000000	0.00000000	0.00000000	0.00000000	0.00000000	0.00000000
32.0000000	0.00000000	0.00000000	0.00000000	0.00000000	0.00000000	0.00000000	0.00000000	0.00000000	0.00000000	0.00000000
33.0000000	0.00000000	0.00000000	0.00000000	0.00000000	0.00000000	0.00000000	0.00000000	0.00000000	0.00000000	0.00000000
34.0000000	0.00000000	0.00000000	0.00000000	0.00000000	0.00000000	0.00000000	0.00000000	0.00000000	0.00000000	0.00000000
35.0000000	0.00000000	0.00000000	0.00000000	0.00000000	0.00000000	0.00000000	0.00000000	0.00000000	0.00000000	0.00000000
36.0000000	0.00000000	0.00000000	0.00000000	0.00000000	0.00000000	0.00000000	0.00000000	0.00000000	0.00000000	0.00000000
37.0000000	0.00000000	0.00000000	0.00000000	0.00000000	0.00000000	0.00000000	0.00000000	0.00000000	0.00000000	0.00000000
38.0000000	0.00000000	0.00000000	0.00000000	0.00000000	0.00000000	0.00000000	0.00000000	0.00000000	0.00000000	0.00000000
39.0000000	0.00000000	0.00000000	0.00000000	0.00000000	0.00000000	0.00000000	0.00000000	0.00000000	0.00000000	0.00000000
40.0000000	0.00000000	0.00000000	0.00000000	0.00000000	0.00000000	0.00000000	0.00000000	0.00000000	0.00000000	0.00000000
41.0000000	0.00000000	0.00000000	0.00000000	0.00000000	0.00000000	0.00000000	0.00000000	0.00000000	0.00000000	0.00000000
42.0000000	0.00000000	0.00000000	0.00000000	0.00000000	0.00000000	0.00000000	0.00000000	0.00000000	0.00000000	0.00000000
43.0000000	0.00000000	0.00000000	0.00000000	0.00000000	0.00000000	0.00000000	0.00000000	0.00000000	0.00000000	0.00000000
44.0000000	0.00000000	0.00000000	0.00000000	0.00000000	0.00000000	0.00000000	0.00000000	0.00000000	0.00000000	0.00000000
45.0000000	0.00000000	0.00000000	0.00000000	0.00000000	0.00000000	0.00000000	0.00000000	0.00000000	0.00000000	0.00000000
46.0000000	0.00000000	0.00000000	0.00000000	0.00000000	0.00000000	0.00000000	0.00000000	0.00000000	0.00000000	0.00000000
47.0000000	0.00000000	0.00000000	0.00000000	0.00000000	0.00000000	0.00000000	0.00000000	0.00000000	0.00000000	0.00000000
48.0000000	0.00000000	0.00000000	0.00000000	0.00000000	0.00000000	0.00000000	0.00000000	0.00000000	0.00000000	0.00000000
49.0000000	1.01332523E-06	0.00000000	0.00000000	0.00000000	0.00000000	0.00000000	0.00000000	0.00000000	0.00000000	0.00000000
50.0000000	1.07412470E-05	0.00000000	0.00000000	0.00000000	0.00000000	0.00000000	0.00000000	0.00000000	0.00000000	0.00000000
51.0000000	2.79677770E-05	0.00000000	1.64339883E-06	0.00000000	0.00000000	0.00000000	0.00000000	0.00000000	0.00000000	0.00000000
52.0000000	3.78983641E-05	1.65443373E-06	2.73899809E-06	0.00000000	0.00000000	0.00000000	0.00000000	0.00000000	0.00000000	0.00000000
53.0000000	6.66768028E-05	8.27216809E-06	1.42427907E-05	8.91360912E-07	0.00000000	0.00000000	0.00000000	0.00000000	0.00000000	4.59268858E-06
54.0000000	1.25652325E-04	1.81987707E-05	2.57465817E-05	3.86256397E-06	0.00000000	1.32384707E-06	0.00000000	0.00000000	0.00000000	3.53283735E-06
55.0000000	2.35091458E-04	5.17601402E-05	4.24544705E-05	8.91360924E-06	0.00000000	4.63346487E-06	2.42961073E-06	0.00000000	6.94377150E-07	1.41313490E-06
56.0000000	4.06546082E-04	1.31172957E-04	1.08738226E-04	1.78272185E-05	6.10300413E-06	7.28115901E-06	7.63591925E-06	0.00000000	1.73594299E-06	7.06567448E-07
57.0000000	7.33242137E-04	2.92362063E-04	2.03507559E-04	5.67499810E-05	1.12423759E-05	9.59789122E-06	2.91553279E-05	5.61594652E-06	3.47188598E-06	1.66043355E-05
58.0000000	1.28955767E-03	5.60143963E-04	3.43470369E-04	1.31030058E-04	4.97876645E-05	4.00463759E-05	4.58155155E-05	9.47690933E-06	1.59706742E-05	3.03824017E-05
59.0000000	2.09251652E-03	9.78243072E-04	6.02579617E-04	3.16730264E-04	1.20775236E-04	9.63098792E-05	6.97645373E-05	3.47486675E-05	4.65232697E-05	8.90275041E-05
60.0000000	3.16076400E-03	1.64970674E-03	9.82204685E-04	6.69114932E-04	2.80416978E-04	2.31011320E-04	1.79097013E-04	9.89810578E-05	1.31237291E-04	1.81234558E-04
61.0000000	4.42904187E-03	2.53199250E-03	1.66311965E-03	1.17392233E-03	5.79785381E-04	4.64339362E-04	3.69647925E-04	2.70969409E-04	2.94068741E-04	3.70947935E-04
62.0000000	6.20661722E-03	3.83615913E-03	2.56808475E-03	1.90988940E-03	9.75838222E-04	9.00215993E-04	6.36557990E-04	5.34216932E-04	6.54797652E-04	6.87490159E-04
63.0000000	8.09707679E-03	5.62152918E-03	4.04248713E-03	2.89959717E-03	1.56975689E-03	1.58166629E-03	1.13775197E-03	8.39232991E-04	1.10683718E-03	9.98733100E-04
64.0000000	1.03817200E-02	7.43597047E-03	5.97320730E-03	4.19088220E-03	2.64356425E-03	2.61228136E-03	1.83817407E-03	1.48857676E-03	1.78628531E-03	1.59401621E-03
65.0000000	1.22979172E-02	9.44634341E-03	7.86065031E-03	5.94359450E-03	3.82048055E-03	3.95333814E-03	2.72289943E-03	2.23374274E-03	2.66154762E-03	2.24441150E-03
66.0000000	1.44767696E-02	1.17197717E-02	1.01394970E-02	7.78544368E-03	5.43970382E-03	5.35860192E-03	3.87175824E-03	3.15230107E-03	3.83261475E-03	3.13857268E-03
67.0000000	1.62496828E-02	1.34692173E-02	1.24057438E-02	9.99423582E-03	7.39073753E-03	7.37018790E-03	5.14279166E-03	4.20283386E-03	5.42968232E-03	3.95607110E-03
68.0000000	1.80485379E-02	1.56816673E-02	1.45103903E-02	1.21748019E-02	9.13812406E-03	9.31326393E-03	7.00838584E-03	5.65069495E-03	7.18853995E-03	5.06820856E-03
69.0000000	1.95407607E-02	1.74159873E-02	1.62704699E-02	1.42195839E-02	1.10120680E-02	1.14373770E-02	9.28944256E-03	7.49658654E-03	9.07481555E-03	6.40185457E-03
70.0000000	2.05192287E-02	1.85703095E-02	1.83332097E-02	1.62652563E-02	1.28860110E-02	1.39454054E-02	1.17027406E-02	9.80403833E-03	1.14037562E-02	8.43535550E-03
71.0000000	2.07997169E-02	1.92677714E-02	1.95789058E-02	1.80337168E-02	1.43992351E-02	1.60837490E-02	1.43305380E-02	1.19935554E-02	1.35702128E-02	1.06476182E-02
72.0000000	2.10516285E-02	1.98508408E-02	2.02888548E-02	1.90558117E-02	1.57264769E-02	1.77716538E-02	1.67372413E-02	1.47643229E-02	1.58370081E-02	1.30220382E-02
73.0000000	2.09334753E-02	2.06024274E-02	2.12694164E-02	1.97665226E-02	1.69952605E-02	1.93066541E-02	1.83529314E-02	1.70440469E-02	1.79031268E-02	1.55900577E-02
74.0000000	2.07218938E-02	2.09879093E-02	2.12751683E-02	2.02306248E-02	1.75098386E-02	2.05328688E-02	1.90682784E-02	1.87004004E-02	1.88512988E-02	1.77666396E-02
75.0000000	2.06921007E-02	2.07742509E-02	2.16687620E-02	1.99667811E-02	1.83719695E-02	2.07476616E-02	1.92563999E-02	2.01170221E-02	1.90585703E-02	1.90218557E-02
76.0000000	2.07310133E-02	2.11486258E-02	2.16468498E-02	1.96916480E-02	1.86440349E-02	2.07241643E-02	1.94663890E-02	2.00513862E-02	1.89259443E-02	1.92931779E-02
77.0000000	2.08611246E-02	2.12641992E-02	2.11625956E-02	1.93348061E-02	1.90314148E-02	2.05550436E-02	1.90040674E-02	2.00099684E-02	1.83603745E-02	1.92317069E-02
78.0000000	2.08601113E-02	2.15596352E-02	2.05383766E-02	1.86457857E-02	1.93198621E-02	2.03273408E-02	1.90870222E-02	1.95961427E-02	1.78052187E-02	1.96323302E-02
79.0000000	2.08380204E-02	2.15345826E-02	2.03477424E-02	1.86181534E-02	1.96481384E-02	2.01310813E-02	1.91262420E-02	1.92339141E-02	1.76951606E-02	1.93278007E-02
80.0000000	2.07966771E-02	2.13022511E-02	2.08333675E-02	1.85305029E-02	1.98710598E-02	2.02558525E-02	1.93959288E-02	1.90893039E-02	1.77548770E-02	1.90508254E-02
81.0000000	2.09663063E-02	2.13691387E-02	2.11683474E-02	1.90032199E-02	2.01713908E-02	2.02849787E-02	1.96722113E-02	1.89408325E-02	1.78198013E-02	1.92119237E-02
82.0000000	2.11183056E-02	2.15466358E-02	2.15660501E-02	1.95947867E-02	2.07794439E-02	2.05881391E-02	2.06919536E-02	1.94413532E-02	1.87273528E-02	1.96485817E-02
83.0000000	2.07812730E-02	2.18990296E-02	2.21875291E-02	2.09187549E-02	2.17215549E-02	2.13920455E-02	2.19209883E-02	2.03420110E-02	1.97769031E-02	2.08465662E-02
84.0000000	2.06069816E-02	2.19621342E-02	2.32146531E-02	2.18258630E-02	2.29659248E-02	2.23038439E-02	2.29008161E-02	2.17765346E-02	2.10174080E-02	2.23190542E-02
85.0000000	2.05798242E-02	2.22403165E-02	2.37975121E-02	2.34326907E-02	2.40451936E-02	2.35853288E-02	2.45060939E-02	2.38217916E-02	2.28089020E-02	2.42387969E-02
86.0000000	2.03384515E-02	2.26288717E-02	2.42321901E-02	2.49251258E-02	2.55911797E-02	2.53099706E-02	2.65938248E-02	2.63422988E-02	2.52079740E-02	2.64719035E-02
87.0000000	1.98242888E-02	2.27380637E-02	2.50716936E-02	2.63982490E-02	2.73205787E-02	2.71329079E-02	2.87985224E-02	2.82331184E-02	2.66609583E-02	2.87336260E-02
88.0000000	1.92377772E-02	2.27151383E-02	2.56876945E-02	2.76274346E-02	2.88543608E-02	2.88360380E-02	2.97793914E-02	3.08782291E-02	2.89645549E-02	3.16372663E-02
89.0000000	1.88411605E-02	2.25468595E-02	2.54176296E-02	2.85496973E-02	3.00553665E-02	2.99887769E-02	3.16435955E-02	3.28174867E-02	3.12528759E-02	3.37484889E-02
90.0000000	1.82718746E-02	2.22868770E-02	2.51702964E-02	2.87499558E-02	3.07536796E-02	3.11309267E-02	3.29875201E-02	3.47069018E-02	3.24906036E-02	3.52654904E-02
91.0000000	1.80067886E-02	2.22708043E-02	2.49374826E-02	2.92295069E-02	3.16469669E-02	3.16842943E-02	3.38625275E-02	3.53415012E-02	3.37418690E-02	3.60480137E-02
92.0000000	1.72309875E-02	2.18115821E-02	2.42206864E-02	2.88099740E-02	3.19906622E-02	3.21400277E-02	3.44577804E-02	3.64008099E-02	3.44039574E-02	3.60995904E-02
93.0000000	1.65247004E-02	2.12148037E-02	2.32020523E-02	2.82733738E-02	3.19338068E-02	3.20857503E-02	3.41186747E-02	3.62709425E-02	3.47844772E-02	3.62250060E-02
94.0000000	1.56816132E-02	2.05785558E-02	2.24107560E-02	2.76001003E-02	3.15062776E-02	3.12639736E-02	3.34953070E-02	3.54727767E-02	3.43480632E-02	3.54877040E-02
95.0000000	1.50991539E-02	1.93268582E-02	2.14011613E-02	2.65803821E-02	3.00810635E-02	3.07893734E-02	3.23176421E-02	3.43299285E-02	3.39956656E-02	3.43278758E-02
96.0000000	1.41918221E-02	1.81876626E-02	2.07991302E-02	2.55196635E-02	2.87149549E-02	2.91153695E-02	3.07994802E-02	3.26697156E-02	3.23652662E-02	3.25699337E-02
97.0000000	1.34772258E-02	1.73405930E-02	1.95695944E-02	2.42866147E-02	2.77314074E-02	2.75039170E-02	2.93930825E-02	3.07273008E-02	3.12046167E-02	3.06675006E-02
98.0000000	1.25101078E-02	1.62125044E-02	1.83715560E-02	2.24067345E-02	2.56233010E-02	2.57892031E-02	2.77374778E-02	2.90267207E-02	2.95026973E-02	2.84690168E-02
99.0000000	1.14544258E-02	1.50250942E-02	1.70349255E-02	2.05806326E-02	2.37760190E-02	2.36697234E-02	2.57563032E-02	2.66613550E-02	2.76417658E-02	2.65750624E-02
100.000000	1.07517857E-02	1.39085874E-02	1.60464197E-02	1.88374277E-02	2.14584824E-02	2.18345411E-02	2.33843084E-02	2.43598707E-02	2.53183804E-02	2.40285937E-02
101.000000	9.90991574E-03	1.28809484E-02	1.48398923E-02	1.70707498E-02	2.00676396E-02	1.93943605E-02	2.10473705E-02	2.17761826E-02	2.28703544E-02	2.17643976E-02
102.000000	9.29908268E-03	1.17679872E-02	1.39135625E-02	1.52987251E-02	1.82357766E-02	1.72341727E-02	1.85014848E-02	1.94438100E-02	2.02254709E-02	1.96086597E-02
103.000000	8.64244811E-03	1.05902664E-02	1.28834257E-02	1.37673663E-02	1.63358133E-02	1.54003128E-02	1.67348105E-02	1.70173701E-02	1.81537978E-02	1.72960646E-02
104.000000	8.20935331E-03	9.73894261E-03	1.16968919E-02	1.26276128E-02	1.46751544E-02	1.34847062E-02	1.48893483E-02	1.48461051E-02	1.60605963E-02	1.56236198E-02
105.000000	7.90515263E-03	8.77133477E-03	1.06582632E-02	1.12522431E-02	1.30941551E-02	1.22621339E-02	1.31719606E-02	1.33217266E-02	1.39139295E-02	1.36558292E-02
106.000000	7.53488392E-03	8.14690441E-03	9.92366392E-03	1.00786183E-02	1.15494533E-02	1.07433498E-02	1.18037434E-02	1.18180569E-02	1.22283297E-02	1.19240331E-02
107.000000	7.29877874E-03	7.33717717E-03	8.87051970E-03	8.98402650E-03	1.01730656E-02	9.20139905E-03	1.03761731E-02	1.02210222E-02	1.07781226E-02	1.05607109E-02
108.000000	6.83670258E-03	6.63616974E-03	7.61934510E-03	8.04156158E-03	8.96884594E-03	8.14960245E-03	9.14019533E-03	8.93497095E-03	9.59733408E-03	9.40158684E-03
109.000000	6.65349327E-03	5.96896047E-03	7.03265145E-03	7.33471196E-03	7.71162705E-03	7.07199099E-03	7.82369357E-03	7.87882227E-03	8.54431093E-03	8.34067538E-03
110.000000	6.37259986E-03	5.49768331E-03	6.29558740E-03	6.51614554E-03	6.57389872E-03	6.19990705E-03	6.74390513E-03	6.71070488E-03	7.05452496E-03	6.99254498E-03
111.000000	6.02158392E-03	5.18499501E-03	5.78640727E-03	5.94983436E-03	5.87205356E-03	5.39997220E-03	5.96295903E-03	5.95325418E-03	6.08343864E-03	6.16338803E-03
112.000000	5.69549575E-03	4.98622702E-03	5.32515999E-03	5.54159097E-03	5.07255970E-03	4.73440811E-03	5.22748102E-03	5.20492950E-03	5.37204882E-03	5.37061924E-03
113.000000	5.37933828E-03	4.44640871E-03	4.81570652E-03	4.93487110E-03	4.53581661E-03	4.11087601E-03	4.62111970E-03	4.61420184E-03	4.72766720E-03	4.57078498E-03
114.000000	5.15478523E-03	4.15073801E-03	4.58891736E-03	4.29665670E-03	4.09575785E-03	3.51580698E-03	4.07584570E-03	3.99013003E-03	4.21382813E-03	4.24717693E-03
115.000000	5.02285035E-03	3.95693257E-03	4.16574208E-03	3.98705760E-03	3.63514177E-03	3.16432561E-03	3.36292828E-03	3.58086778E-03	3.60902539E-03	3.62504437E-03
116.000000	4.75695403E-03	3.68915079E-03	3.76256183E-03	3.65131139E-03	3.19122872E-03	2.91444943E-03	2.89783138E-03	3.00242542E-03	3.37363151E-03	3.15023097E-03
117.000000	4.62319516E-03	3.62911844E-03	3.53905954E-03	3.37974355E-03	2.95192655E-03	2.67615682E-03	2.57851114E-03	2.67740246E-03	2.87263840E-03	2.79906695E-03
118.000000	4.49815067E-03	3.61588295E-03	3.21448827E-03	3.10282735E-03	2.45726202E-03	2.51663337E-03	2.19289726E-03	2.32500187E-03	2.61433003E-03	2.48782407E-03
119.000000	4.36317595E-03	3.57475854E-03	3.01536312E-03	2.71389680E-03	2.27031740E-03	2.21612002E-03	1.83053815E-03	1.97014422E-03	2.31991406E-03	2.27903342E-03
120.000000	4.28109663E-03	3.49061866E-03	2.94743595E-03	2.57722149E-03	2.05221539E-03	1.92057120E-03	1.72398239E-03	1.71672460E-03	1.93835387E-03	2.15644389E-03
121.000000	4.17915592E-03	3.55419633E-03	2.66093668E-03	2.49699899E-03	1.92212500E-03	1.85669551E-03	1.58688286E-03	1.47032493E-03	1.80746382E-03	1.92398322E-03
122.000000	4.25697910E-03	3.63006396E-03	2.42483499E-03	2.35675834E-03	1.87683431E-03	1.66275189E-03	1.39876164E-03	1.29587960E-03	1.67379621E-03	1.66078680E-03
123.000000	4.28494718E-03	3.54592409E-03	2.47057620E-03	2.35824380E-03	1.52510859E-03	1.56809692E-03	1.26756262E-03	1.22848828E-03	1.52624107E-03	1.45482249E-03
124.000000	4.18239832E-03	3.55206919E-03	2.40566209E-03	2.29406590E-03	1.52799941E-03	1.47873722E-03	1.23597763E-03	1.08528160E-03	1.36202085E-03	1.41207513E-03
125.000000	4.08147136E-03	3.56128672E-03	2.30596261E-03	2.19512475E-03	1.47114519E-03	1.46483677E-03	1.17523735E-03	9.66995780E-04	1.26723840E-03	1.25769014E-03
126.000000	4.03810106E-03	3.53907002E-03	2.31171446E-03	2.18175445E-03	1.39630307E-03	1.33509981E-03	1.12317433E-03	9.50849964E-04	1.21967355E-03	1.07292272E-03
127.000000	4.12180182E-03	3.49700009E-03	2.36293371E-03	2.17284076E-03	1.41557574E-03	1.41717831E-03	1.00030540E-03	9.22068197E-04	1.11412816E-03	1.08246133E-03
128.000000	4.24846727E-03	3.52087128E-03	2.31500133E-03	2.31724139E-03	1.41268480E-03	1.45921041E-03	9.78786033E-04	9.40320024E-04	1.07420154E-03	1.00332580E-03
129.000000	4.13416419E-03	3.49841826E-03	2.42182217E-03	2.21889443E-03	1.45829679E-03	1.45457697E-03	1.01210643E-03	8.59590829E-04	1.10440690E-03	9.31609189E-04
130.000000	4.12180182E-03	3.50125437E-03	2.50947010E-03	2.32615485E-03	1.46182999E-03	1.43405737E-03	9.71844303E-04	8.57835810E-04	1.24814303E-03	8.63425434E-04
131.000000	4.17652121E-03	3.44783976E-03	2.66312785E-03	2.28634081E-03	1.66355039E-03	1.47542753E-03	1.00724713E-03	9.75068717E-04	1.16759527E-03	8.30923324E-04
132.000000	4.37634904E-03	3.51567171E-03	2.77214008E-03	2.21919152E-03	1.60541129E-03	1.48370164E-03	1.04542682E-03	8.87670554E-04	1.13426510E-03	7.52494379E-04
133.000000	4.37290361E-03	3.47998319E-03	2.71407329E-03	2.16868124E-03	1.72554411E-03	1.58530683E-03	9.95099079E-04	9.48392961E-04	1.22488139E-03	7.29884196E-04
134.000000	4.42519132E-03	3.50645417E-03	2.81322491E-03	2.21384340E-03	1.80552551E-03	1.63925369E-03	1.07909425E-03	9.05571389E-04	1.23911607E-03	7.07627332E-04
135.000000	4.42215148E-03	3.59035749E-03	2.83513707E-03	2.36151228E-03	1.92244619E-03	1.71074143E-03	1.03397295E-03	9.63836792E-04	1.24085206E-03	7.02681369E-04
136.000000	4.66656545E-03	3.73405684E-03	2.77131819E-03	2.24474398E-03	1.93914922E-03	1.86199090E-03	1.02911366E-03	1.06983783E-03	1.19641190E-03	6.84310624E-04
137.000000	4.87652654E-03	3.52890720E-03	2.87676975E-03	2.15679640E-03	1.92212500E-03	1.90104439E-03	9.46854008E-04	1.12599728E-03	1.16690085E-03	7.01621524E-04
138.000000	4.84024920E-03	3.49298236E-03	2.88115209E-03	2.14550574E-03	1.85884652E-03	1.87423651E-03	9.53101553E-04	1.18040177E-03	1.22661726E-03	7.40836025E-04
139.000000	4.72878339E-03	3.40955146E-03	2.77131819E-03	2.02992605E-03	1.90542208E-03	1.84312614E-03	1.08117680E-03	1.27130991E-03	1.31827511E-03	8.40461988E-04
140.000000	4.82808938E-03	3.34928278E-03	2.65600649E-03	1.99278584E-03	1.84085872E-03	1.76700496E-03	1.05514517E-03	1.28113781E-03	1.32521882E-03	9.20304155E-04
141.000000	4.83822264E-03	3.40529718E-03	2.69736536E-03	1.99516281E-03	1.67254428E-03	1.69320044E-03	9.85033577E-04	1.32922432E-03	1.24119921E-03	9.26309964E-04
142.000000	4.73182369E-03	3.26987007E-03	2.55685486E-03	1.92860793E-03	1.52061158E-03	1.72795146E-03	1.03883212E-03	1.24779309E-03	1.11343386E-03	8.99813662E-04
143.000000	4.71135415E-03	3.15524149E-03	2.46701553E-03	1.92415109E-03	1.55787205E-03	1.61045999E-03	1.12282718E-03	1.11195736E-03	1.01622101E-03	8.19618290E-04
144.000000	4.58772853E-03	3.15193250E-03	2.42456119E-03	1.79638935E-03	1.48463598E-03	1.56081573E-03	1.03327876E-03	9.92969493E-04	1.00823562E-03	8.03367235E-04
145.000000	4.51760646E-03	2.93921959E-03	2.35992088E-03	1.84987101E-03	1.48656324E-03	1.45755569E-03	9.52754461E-04	9.44180996E-04	9.56157397E-04	9.38674901E-04
146.000000	4.46004979E-03	2.87327869E-03	2.24077445E-03	1.78034487E-03	1.38987880E-03	1.28644845E-03	9.55531199E-04	8.36425053E-04	7.99922505E-04	8.48587544E-04
147.000000	4.18645190E-03	2.72012525E-03	2.10464606E-03	1.67635281E-03	1.25946733E-03	1.19874359E-03	9.01385560E-04	8.27299140E-04	7.72494590E-04	7.66272424E-04
148.000000	4.11004713E-03	2.80379248E-03	2.20297626E-03	1.56433845E-03	1.17434643E-03	1.19841262E-03	9.44424362E-04	6.89357403E-04	6.44729182E-04	7.33063731E-04
149.000000	3.97264026E-03	2.76314071E-03	2.12820154E-03	1.64931489E-03	1.29287317E-03	1.23514934E-03	9.18392849E-04	6.12840173E-04	6.18690043E-04	8.00894224E-04
150.000000	3.84941977E-03	2.72910646E-03	2.02494138E-03	1.56552694E-03	1.23698253E-03	1.12030562E-03	9.53448645E-04	6.18105114E-04	5.28768229E-04	8.08666460E-04
151.000000	3.61027522E-03	2.67829187E-03	1.96303986E-03	1.47282542E-03	1.12520123E-03	1.01141923E-03	8.91667150E-04	5.69316559E-04	5.50641096E-04	7.74397980E-04
152.000000	3.48138018E-03	2.56980816E-03	1.94030628E-03	1.46361464E-03	1.08312257E-03	9.13785479E-04	8.24679271E-04	4.86481353E-04	4.99604386E-04	8.34102917E-04
153.000000	3.29330703E-03	2.53648311E-03	1.85402785E-03	1.38517492E-03	1.11749209E-03	8.50902696E-04	7.94135616E-04	4.55593661E-04	5.15575055E-04	7.48608261E-04
154.000000	3.19906767E-03	2.43721716E-03	1.81129947E-03	1.36021676E-03	1.17145549E-03	7.15539325E-04	7.66368641E-04	4.57699643E-04	5.14880696E-04	6.93495967E-04
155.000000	3.12124426E-03	2.39420193E-03	1.77952705E-03	1.32069981E-03	1.18398271E-03	6.73176255E-04	6.93827402E-04	4.68931539E-04	4.79120266E-04	6.96675503E-04
156.000000	3.01383180E-03	2.46628793E-03	1.81266898E-03	1.21611345E-03	1.09789823E-03	6.22870051E-04	6.98339543E-04	4.47520724E-04	4.27736348E-04	5.90690412E-04
157.000000	2.78563099E-03	2.40318314E-03	1.78856577E-03	1.26246421E-03	1.03879545E-03	6.09631592E-04	7.19511881E-04	4.36639850E-04	4.69051796E-04	4.74813336E-04
158.000000	2.60910974E-03	2.29588128E-03	1.65846338E-03	1.24047732E-03	9.73268528E-04	5.76204446E-04	7.05281273E-04	4.19090007E-04	4.49609215E-04	5.23919764E-04
159.000000	2.40077008E-03	2.30698963E-03	1.52589590E-03	1.18402438E-03	9.58171615E-04	5.33179438E-04	6.37252175E-04	3.81533377E-04	4.13154426E-04	5.53595601E-04
160.000000	2.17723055E-03	2.24884809E-03	1.56396790E-03	1.17511081E-03	7.95317756E-04	5.30531746E-04	6.04278874E-04	3.92765243E-04	3.49271722E-04	5.01309638E-04
161.000000	2.07265536E-03	2.13634665E-03	1.37552491E-03	1.12727447E-03	7.99814705E-04	4.94787877E-04	5.02235256E-04	3.54506628E-04	3.07609094E-04	4.87178273E-04
162.000000	1.88437954E-03	2.10798485E-03	1.29828509E-03	1.00307819E-03	7.41033175E-04	4.84528020E-04	4.29694017E-04	3.41870735E-04	3.53090785E-04	4.93184081E-04
163.000000	1.69752247E-03	1.98082975E-03	1.23337086E-03	9.90004861E-04	7.19512056E-04	4.06421052E-04	3.82837228E-04	2.99049163E-04	3.29481962E-04	4.55736008E-04
164.000000	1.54207833E-03	1.80475088E-03	1.19584659E-03	8.79773230E-04	6.33748772E-04	4.20321448E-04	3.00230458E-04	2.64300470E-04	2.97540624E-04	4.22527344E-04
165.000000	1.40122615E-03	1.75795401E-03	1.06218352E-03	8.82150198E-04	5.17791719E-04	3.32285621E-04	2.79058149E-04	2.29902813E-04	2.75320548E-04	4.00623772E-04
166.000000	1.27780309E-03	1.66696007E-03	9.53719136E-04	7.98956491E-04	4.62864671E-04	3.63065075E-04	2.49555742E-04	2.05684046E-04	2.23242256E-04	3.84019426E-04
167.000000	1.13938283E-03	1.60432805E-03	8.88804905E-04	7.29727501E-04	3.77101387E-04	2.97203660E-04	1.98186812E-04	2.20074900E-04	1.97203117E-04	3.54696880E-04
168.000000	1.06804480E-03	1.41855876E-03	7.25012796E-04	6.76542928E-04	3.49477283E-04	2.76022125E-04	1.75626148E-04	1.95505141E-04	1.70469590E-04	2.88279523E-04
169.000000	9.98530653E-04	1.29731232E-03	6.55990036E-04	5.77304745E-04	3.04186571E-04	2.12146493E-04	1.62436831E-04	1.94803142E-04	1.68039274E-04	2.68142350E-04
170.000000	8.98616796E-04	1.14888605E-03	5.16301137E-04	5.80573105E-04	2.29665675E-04	1.78719361E-04	1.59313044E-04	1.80061281E-04	1.52762979E-04	2.03138145E-04
171.000000	8.28089367E-04	1.00825913E-03	4.63164586E-04	4.83117619E-04	1.93047657E-04	1.47277984E-04	1.22521800E-04	1.37239695E-04	1.28112588E-04	1.93952772E-04
172.000000	7.21082208E-04	8.30762088E-04	4.04823921E-04	4.27259016E-04	1.68314422E-04	1.09879307E-04	1.18356751E-04	1.27411782E-04	8.78387145E-05	1.40253644E-04
173.000000	6.92506437E-04	7.39295501E-04	3.58260964E-04	3.72291746E-04	1.60605370E-04	1.13188929E-04	1.17315489E-04	7.26563085E-05	8.85330883E-05	1.21882891E-04
174.000000	5.66854142E-04	6.20885345E-04	2.87594798E-04	2.95931823E-04	1.10175279E-04	8.93596807E-05	9.57960801E-05	6.73913601E-05	8.15893218E-05	1.02805570E-04
175.000000	4.83964133E-04	4.44333622E-04	2.03233663E-04	2.26108561E-04	7.77329988E-05	5.85802336E-05	7.63591961E-05	6.98483345E-05	5.55501756E-05	9.50333269E-05
176.000000	3.50205199E-04	4.29207372E-04	1.67626684E-04	1.76192349E-04	6.64906183E-05	5.39467692E-05	4.06092076E-05	5.47554773E-05	3.08997842E-05	6.85370469E-05
177.000000	2.89405696E-04	3.38922575E-04	1.09286026E-04	1.34001253E-04	5.17149274E-05	2.64769424E-05	2.81140674E-05	3.26426889E-05	3.12469747E-05	4.20407632E-05
178.000000	2.19891575E-04	2.69672688E-04	7.42268458E-05	9.86439409E-05	4.62543467E-05	1.29075088E-05	2.91553279E-05	2.52717600E-05	2.01369385E-05	1.80174702E-05
179.000000	1.36798903E-04	1.57171206E-04	5.50538607E-05	7.24973579E-05	1.89514340E-05	1.15836619E-05	5.90048330E-06	1.89538187E-05	1.35403552E-05	3.53283735E-06
180.000000	3.64797088E-05	4.98693589E-05	1.72556884E-05	2.67408286E-05	1.12423759E-05	8.60500586E-06	5.20630874E-06	8.07292326E-06	1.73594299E-06	3.53283724E-07
181.000000	0.00000000	0.00000000	0.00000000	0.00000000	0.00000000	0.00000000	0.00000000	0.00000000	0.00000000	0.00000000
182.000000	0.00000000	0.00000000	0.00000000	0.00000000	0.00000000	0.00000000	0.00000000	0.00000000	0.00000000	0.00000000
183.000000	0.00000000	0.00000000	0.00000000	0.00000000	0.00000000	0.00000000	0.00000000	0.00000000	0.00000000	0.00000000
184.000000	0.00000000	0.00000000	0.00000000	0.00000000	0.00000000	0.00000000	0.00000000	0.00000000	0.00000000	0.00000000
185.000000	0.00000000	0.00000000	0.00000000	0.00000000	0.00000000	0.00000000	0.00000000	0.00000000	0.00000000	0.00000000
186.000000	0.00000000	0.00000000	0.00000000	0.00000000	0.00000000	0.00000000	0.00000000	0.00000000	0.00000000	0.00000000
187.000000	0.00000000	0.00000000	0.00000000	0.00000000	0.00000000	0.00000000	0.00000000	0.00000000	0.00000000	0.00000000
188.000000	0.00000000	0.00000000	0.00000000	0.00000000	0.00000000	0.00000000	0.00000000	0.00000000	0.00000000	0.00000000
