31.0000000	0.00000000	0.00000000	0.00000000	0.00000000	0.00000000	0.00000000	0.00000000	0.00000000	0.00000000	0.00000000
32.0000000	0.00000000	0.00000000	0.00000000	0.00000000	0.00000000	0.00000000	0.00000000	0.00000000	0.00000000	0.00000000
33.0000000	0.00000000	0.00000000	0.00000000	0.00000000	0.00000000	0.00000000	0.00000000	0.00000000	0.00000000	0.00000000
34.0000000	0.00000000	0.00000000	0.00000000	0.00000000	0.00000000	0.00000000	0.00000000	0.00000000	0.00000000	0.00000000
35.0000000	0.00000000	0.00000000	0.00000000	0.00000000	0.00000000	0.00000000	0.00000000	0.00000000	0.00000000	0.00000000
36.0000000	0.00000000	0.00000000	0.00000000	0.00000000	0.00000000	0.00000000	0.00000000	0.00000000	0.00000000	0.00000000
37.0000000	0.00000000	0.00000000	0.00000000	0.00000000	0.00000000	0.00000000	0.00000000	0.00000000	0.00000000	0.00000000
38.0000000	0.00000000	0.00000000	0.00000000	0.00000000	0.00000000	0.00000000	0.00000000	0.00000000	0.00000000	0.00000000
39.0000000	0.00000000	0.00000000	0.00000000	0.00000000	0.00000000	0.00000000	0.00000000	0.00000000	0.00000000	0.00000000
40.0000000	0.00000000	0.00000000	0.00000000	0.00000000	0.00000000	0.00000000	0.00000000	0.00000000	0.00000000	0.00000000
41.0000000	0.00000000	0.00000000	0.00000000	0.00000000	0.00000000	0.00000000	0.00000000	0.00000000	0.00000000	0.00000000
42.0000000	0.00000000	0.00000000	0.00000000	0.00000000	0.00000000	0.00000000	0.00000000	0.00000000	0.00000000	0.00000000
43.0000000	0.00000000	0.00000000	0.00000000	0.00000000	0.00000000	0.00000000	0.00000000	0.00000000	0.00000000	0.00000000
44.0000000	0.00000000	0.00000000	0.00000000	0.00000000	0.00000000	0.00000000	0.00000000	0.00000000	0.00000000	0.00000000
45.0000000	0.00000000	0.00000000	0.00000000	0.00000000	0.00000000	0.00000000	0.00000000	0.00000000	0.00000000	0.00000000
46.0000000	0.00000000	0.00000000	0.00000000	0.00000000	0.00000000	0.00000000	0.00000000	0.00000000	0.00000000	0.00000000
47.0000000	0.00000000	0.00000000	0.00000000	0.00000000	0.00000000	0.00000000	0.00000000	0.00000000	0.00000000	0.00000000
48.0000000	0.00000000	0.00000000	0.00000000	0.00000000	0.00000000	0.00000000	0.00000000	0.00000000	0.00000000	0.00000000
49.0000000	0.00000000	0.00000000	0.00000000	0.00000000	0.00000000	0.00000000	0.00000000	0.00000000	0.00000000	0.00000000
50.0000000	0.00000000	0.00000000	0.00000000	0.00000000	0.00000000	0.00000000	0.00000000	0.00000000	0.00000000	0.00000000
51.0000000	0.00000000	0.00000000	0.00000000	0.00000000	0.00000000	0.00000000	0.00000000	0.00000000	0.00000000	0.00000000
52.0000000	0.00000000	0.00000000	0.00000000	0.00000000	0.00000000	0.00000000	0.00000000	0.00000000	0.00000000	0.00000000
53.0000000	0.00000000	0.00000000	0.00000000	0.00000000	0.00000000	0.00000000	0.00000000	0.00000000	0.00000000	0.00000000
54.0000000	0.00000000	0.00000000	0.00000000	0.00000000	0.00000000	0.00000000	0.00000000	0.00000000	0.00000000	0.00000000
55.0000000	0.00000000	0.00000000	0.00000000	0.00000000	0.00000000	0.00000000	0.00000000	0.00000000	0.00000000	0.00000000
56.0000000	6.27647864E-07	0.00000000	0.00000000	0.00000000	0.00000000	0.00000000	0.00000000	0.00000000	0.00000000	0.00000000
57.0000000	1.25529573E-06	0.00000000	0.00000000	0.00000000	0.00000000	0.00000000	0.00000000	0.00000000	0.00000000	0.00000000
58.0000000	5.23039898E-06	0.00000000	0.00000000	0.00000000	0.00000000	0.00000000	0.00000000	0.00000000	0.00000000	0.00000000
59.0000000	1.34944294E-05	2.45338924E-07	0.00000000	0.00000000	0.00000000	0.00000000	0.00000000	0.00000000	0.00000000	0.00000000
60.0000000	3.35791628E-05	6.13347311E-07	0.00000000	0.00000000	0.00000000	0.00000000	0.00000000	0.00000000	0.00000000	0.00000000
61.0000000	6.67398926E-05	6.13347311E-07	1.57262377E-06	0.00000000	0.00000000	0.00000000	0.00000000	0.00000000	0.00000000	0.00000000
62.0000000	1.43940590E-04	2.08538086E-06	5.76628736E-06	1.17351885E-06	4.69831065E-07	0.00000000	2.42871261E-06	0.00000000	0.00000000	3.70531012E-07
63.0000000	2.90496362E-04	1.79097424E-05	1.82162257E-05	1.02682895E-06	3.28881742E-06	3.96029418E-06	4.16350713E-06	3.12023121E-06	1.68361726E-06	2.22318590E-06
64.0000000	6.72838534E-04	4.66143974E-05	4.94065971E-05	1.32020868E-05	9.70984183E-06	1.33659923E-05	4.68394546E-06	1.43163552E-05	1.23465270E-05	2.96424810E-06
65.0000000	1.32224488E-03	1.17394680E-04	1.25023595E-04	4.51804772E-05	3.19485116E-05	3.51476083E-05	1.45722752E-05	3.13858545E-05	2.73120131E-05	2.00086743E-05
66.0000000	2.31894967E-03	2.56501837E-04	2.70491291E-04	1.09724009E-04	1.09940469E-04	1.09073102E-04	6.55752374E-05	8.20437272E-05	9.98946271E-05	5.83586334E-05
67.0000000	3.62362037E-03	5.22817252E-04	5.51990932E-04	2.64628499E-04	2.74381338E-04	2.59234250E-04	1.80245159E-04	2.35118612E-04	2.40383131E-04	1.81745461E-04
68.0000000	5.50771505E-03	9.99756157E-04	1.01906015E-03	5.69743395E-04	6.65124157E-04	5.48830780E-04	4.04207152E-04	5.18692599E-04	5.43808390E-04	4.05175640E-04
69.0000000	7.59663153E-03	1.88947772E-03	1.73512823E-03	1.15298224E-03	1.42468431E-03	1.06564909E-03	8.85786139E-04	1.09171390E-03	1.05375738E-03	8.91682866E-04
70.0000000	9.92510095E-03	3.29944049E-03	2.82901921E-03	2.10367911E-03	2.57811951E-03	2.03625113E-03	1.78961421E-03	1.98777090E-03	1.91633054E-03	1.78744155E-03
71.0000000	1.24340188E-02	5.13469847E-03	4.48106043E-03	3.38090770E-03	4.10193810E-03	3.49875493E-03	3.07249487E-03	3.16171208E-03	2.96073454E-03	3.13617452E-03
72.0000000	1.45445894E-02	7.30864657E-03	6.62703672E-03	5.22758625E-03	5.91485994E-03	5.32065518E-03	4.80780983E-03	4.61463863E-03	4.20380523E-03	4.85117733E-03
73.0000000	1.65330824E-02	9.36667249E-03	8.99186917E-03	7.15773134E-03	7.81548303E-03	7.33858999E-03	6.76205615E-03	6.10262202E-03	5.58006903E-03	6.75126025E-03
74.0000000	1.79690365E-02	1.13845849E-02	1.12597244E-02	9.18322522E-03	9.60303377E-03	9.27401893E-03	8.64829868E-03	7.39623327E-03	6.84577506E-03	8.54814984E-03
75.0000000	1.89836286E-02	1.32186161E-02	1.32628540E-02	1.09041901E-02	1.09251384E-02	1.07503831E-02	1.02878530E-02	8.07772856E-03	7.91692920E-03	9.83148441E-03
76.0000000	1.99544951E-02	1.44303450E-02	1.48418993E-02	1.25069236E-02	1.19463941E-02	1.16897980E-02	1.14359399E-02	8.63680057E-03	8.74283724E-03	1.06905606E-02
77.0000000	2.06052624E-02	1.53758815E-02	1.57276783E-02	1.37408786E-02	1.23040918E-02	1.22059565E-02	1.19749410E-02	8.94845650E-03	9.42956656E-03	1.10496050E-02
78.0000000	2.12704632E-02	1.62933264E-02	1.66126732E-02	1.45067470E-02	1.25319604E-02	1.26031414E-02	1.23666571E-02	9.22138523E-03	9.93839279E-03	1.11255636E-02
79.0000000	2.19945610E-02	1.73036326E-02	1.76419560E-02	1.53497728E-02	1.30212111E-02	1.29928999E-02	1.22303022E-02	9.96730383E-03	1.03531238E-02	1.12797050E-02
80.0000000	2.26779636E-02	1.82323623E-02	1.81999747E-02	1.62764136E-02	1.37571227E-02	1.34572443E-02	1.23002147E-02	1.06888115E-02	1.10359238E-02	1.14218034E-02
81.0000000	2.29723305E-02	1.94739010E-02	1.90582350E-02	1.70993432E-02	1.44712664E-02	1.37674678E-02	1.24067310E-02	1.12109911E-02	1.17727872E-02	1.15483394E-02
82.0000000	2.32835393E-02	2.08439957E-02	1.99349727E-02	1.80493072E-02	1.55734895E-02	1.45106828E-02	1.28102442E-02	1.20516177E-02	1.22767501E-02	1.16950702E-02
83.0000000	2.34080236E-02	2.23198310E-02	2.08676681E-02	1.92041956E-02	1.67413335E-02	1.52839301E-02	1.36235161E-02	1.29823647E-02	1.30074397E-02	1.19453641E-02
84.0000000	2.34162882E-02	2.36799903E-02	2.19518617E-02	1.99637562E-02	1.80245992E-02	1.60126239E-02	1.47018647E-02	1.39505547E-02	1.35748191E-02	1.24022281E-02
85.0000000	2.34969407E-02	2.49358807E-02	2.28276830E-02	2.10205093E-02	1.88670047E-02	1.68337245E-02	1.54127833E-02	1.50163881E-02	1.41526740E-02	1.28537202E-02
86.0000000	2.33759079E-02	2.61890721E-02	2.34626289E-02	2.17561591E-02	1.97150502E-02	1.77536681E-02	1.65041424E-02	1.61270071E-02	1.47731807E-02	1.32375909E-02
87.0000000	2.29776669E-02	2.71568112E-02	2.41937675E-02	2.24981159E-02	2.07237788E-02	1.82653721E-02	1.72700547E-02	1.66715793E-02	1.53025845E-02	1.35923736E-02
88.0000000	2.27535963E-02	2.77913809E-02	2.46700104E-02	2.32972819E-02	2.10586116E-02	1.89095791E-02	1.76345352E-02	1.75292753E-02	1.57191865E-02	1.44788697E-02
89.0000000	2.22314969E-02	2.83166505E-02	2.54749320E-02	2.36156005E-02	2.16427669E-02	1.99088939E-02	1.83536075E-02	1.79484878E-02	1.61120296E-02	1.50013184E-02
90.0000000	2.19086781E-02	2.85758525E-02	2.56531630E-02	2.40112226E-02	2.20820587E-02	2.02074014E-02	1.87991019E-02	1.84196439E-02	1.65727809E-02	1.54550336E-02
91.0000000	2.12479737E-02	2.84329411E-02	2.60212887E-02	2.43805870E-02	2.21902765E-02	2.08492987E-02	1.92465056E-02	1.87771842E-02	1.72265843E-02	1.61583014E-02
92.0000000	2.03810874E-02	2.80313212E-02	2.59024240E-02	2.44988203E-02	2.25854050E-02	2.12948322E-02	1.96371824E-02	1.90112032E-02	1.73749309E-02	1.65190138E-02
93.0000000	1.97413042E-02	2.76255310E-02	2.58231368E-02	2.43425947E-02	2.31434070E-02	2.14215610E-02	2.00729612E-02	1.91244483E-02	1.78556964E-02	1.71637367E-02
94.0000000	1.90254729E-02	2.64627468E-02	2.53560673E-02	2.41341479E-02	2.33175587E-02	2.16535684E-02	2.04813331E-02	1.91907082E-02	1.79554038E-02	1.76380165E-02
95.0000000	1.81417447E-02	2.57638991E-02	2.47521810E-02	2.38281526E-02	2.35441737E-02	2.17332691E-02	2.06319131E-02	1.93083584E-02	1.82251576E-02	1.80359669E-02
96.0000000	1.70061197E-02	2.44436078E-02	2.38248575E-02	2.33577192E-02	2.31759828E-02	2.19410192E-02	2.08385270E-02	1.91885047E-02	1.83527377E-02	1.83490664E-02
97.0000000	1.57290660E-02	2.34741513E-02	2.31882073E-02	2.28387304E-02	2.30616573E-02	2.17537303E-02	2.07065083E-02	1.91317908E-02	1.83635876E-02	1.88033376E-02
98.0000000	1.48073640E-02	2.19989289E-02	2.18502972E-02	2.19920371E-02	2.28311270E-02	2.13509351E-02	2.07193457E-02	1.87839754E-02	1.86630841E-02	1.89721137E-02
99.0000000	1.37971649E-02	2.05634497E-02	2.07046401E-02	2.14687940E-02	2.23681871E-02	2.05722433E-02	2.04096865E-02	1.87109262E-02	1.90366600E-02	1.94104519E-02
100.000000	1.28040174E-02	1.90901905E-02	1.96579285E-02	2.05477290E-02	2.18009446E-02	2.04568990E-02	2.01760083E-02	1.91448219E-02	1.97667889E-02	2.00824104E-02
101.000000	1.16178673E-02	1.75658986E-02	1.83046851E-02	1.97205432E-02	2.12134980E-02	2.01702733E-02	2.04046555E-02	1.95394401E-02	2.03332324E-02	2.08412576E-02
102.000000	1.05442749E-02	1.59745086E-02	1.72854941E-02	1.88911594E-02	2.03501061E-02	1.97536163E-02	2.04041339E-02	2.02512182E-02	2.10253857E-02	2.16026977E-02
103.000000	9.63219814E-03	1.45109389E-02	1.60711668E-02	1.81490555E-02	1.94519460E-02	1.99475065E-02	2.05597449E-02	2.12476738E-02	2.20952313E-02	2.28758436E-02
104.000000	8.98174569E-03	1.31913833E-02	1.48609011E-02	1.73914023E-02	1.87113341E-02	1.98918972E-02	2.10014246E-02	2.22006291E-02	2.36024428E-02	2.43620425E-02
105.000000	8.18641111E-03	1.17638791E-02	1.38170728E-02	1.67461131E-02	1.80106610E-02	1.98367834E-02	2.13567093E-02	2.34883670E-02	2.46330034E-02	2.58617662E-02
106.000000	7.49129150E-03	1.06313946E-02	1.26382597E-02	1.59548689E-02	1.75146759E-02	1.95438862E-02	2.17732340E-02	2.45068483E-02	2.56053861E-02	2.70804428E-02
107.000000	6.84795249E-03	9.55938641E-03	1.15713654E-02	1.53329037E-02	1.67859681E-02	1.95570868E-02	2.19930336E-02	2.52083484E-02	2.66062040E-02	2.80365981E-02
108.000000	6.25294214E-03	8.64390377E-03	1.05665904E-02	1.44133056E-02	1.61056519E-02	1.94419082E-02	2.21212339E-02	2.60058437E-02	2.71457098E-02	2.86309309E-02
109.000000	5.75260213E-03	7.70376483E-03	9.66049638E-03	1.35390339E-02	1.52450781E-02	1.88630465E-02	2.18457486E-02	2.62323357E-02	2.72029527E-02	2.86333393E-02
110.000000	5.31680509E-03	6.77221315E-03	8.91939737E-03	1.27529223E-02	1.43569410E-02	1.83708146E-02	2.09584013E-02	2.56585795E-02	2.67240573E-02	2.79528592E-02
111.000000	4.90935706E-03	5.96811483E-03	8.08394141E-03	1.18080936E-02	1.34818023E-02	1.74120925E-02	1.98713783E-02	2.44385693E-02	2.58197673E-02	2.67041698E-02
112.000000	4.51142853E-03	5.32495882E-03	7.31794257E-03	1.08801331E-02	1.25435498E-02	1.59882028E-02	1.84221305E-02	2.29817890E-02	2.40078215E-02	2.50169560E-02
113.000000	4.12291428E-03	4.78288252E-03	6.57238765E-03	9.88792349E-03	1.14566740E-02	1.48573732E-02	1.71201676E-02	2.13031042E-02	2.24766638E-02	2.30498072E-02
114.000000	3.88262980E-03	4.13641427E-03	5.95146371E-03	8.86960234E-03	1.07185692E-02	1.36064151E-02	1.56278983E-02	1.91328917E-02	2.01757215E-02	2.07186118E-02
115.000000	3.72142904E-03	3.65898479E-03	5.27497334E-03	7.90687650E-03	9.74570587E-03	1.20912725E-02	1.42445723E-02	1.70428865E-02	1.78955421E-02	1.79073922E-02
116.000000	3.52779962E-03	3.26766912E-03	4.70083440E-03	7.06311641E-03	8.93665664E-03	1.07045099E-02	1.28057338E-02	1.49989519E-02	1.57554783E-02	1.54342838E-02
117.000000	3.46022286E-03	2.94271787E-03	4.24293894E-03	6.32291939E-03	8.17599986E-03	9.51130595E-03	1.12916045E-02	1.30845979E-02	1.35858562E-02	1.31138330E-02
118.000000	3.37967463E-03	2.67983717E-03	3.87376547E-03	5.65078668E-03	7.30383676E-03	8.61595012E-03	1.00418590E-02	1.12460479E-02	1.17666144E-02	1.10644260E-02
119.000000	3.37758241E-03	2.52073491E-03	3.38114100E-03	5.08896448E-03	6.53488003E-03	7.67802028E-03	8.83773807E-03	9.73071624E-03	1.02375150E-02	9.27883759E-03
120.000000	3.36000836E-03	2.36175512E-03	3.09426826E-03	4.51056659E-03	5.94618171E-03	6.68217102E-03	7.79044256E-03	8.54209252E-03	8.66464246E-03	8.04645102E-03
121.000000	3.34588625E-03	2.22718669E-03	2.86676199E-03	3.99905862E-03	5.46147255E-03	5.96667826E-03	6.93171890E-03	7.47203641E-03	7.56093813E-03	6.63639558E-03
122.000000	3.28270299E-03	2.15922785E-03	2.66258302E-03	3.60695692E-03	4.85288491E-03	5.35448268E-03	6.20449288E-03	6.51687849E-03	6.67928392E-03	5.89570403E-03
123.000000	3.27464822E-03	2.02122470E-03	2.42393743E-03	3.21412133E-03	4.31759097E-03	4.86571621E-03	5.60876448E-03	5.78344055E-03	5.85412420E-03	4.97197034E-03
124.000000	3.29766190E-03	1.84347667E-03	2.30769441E-03	2.91692768E-03	3.96412099E-03	4.51902580E-03	5.09231631E-03	5.31577272E-03	5.30358125E-03	4.41080099E-03
125.000000	3.35394102E-03	1.67971302E-03	2.16065394E-03	2.68119713E-03	3.73625313E-03	4.22645872E-03	4.56337724E-03	4.79561184E-03	4.78128577E-03	3.93633591E-03
126.000000	3.40729114E-03	1.59875117E-03	2.02920893E-03	2.42082262E-03	3.45654716E-03	3.83719499E-03	4.24625678E-03	4.29876102E-03	4.34017833E-03	3.58470227E-03
127.000000	3.49746319E-03	1.55189144E-03	1.99618377E-03	2.32371408E-03	3.32906633E-03	3.52317654E-03	3.99020128E-03	3.97664309E-03	4.07846924E-03	3.30402493E-03
128.000000	3.61117208E-03	1.52171473E-03	1.99801847E-03	2.16543558E-03	3.11090797E-03	3.39463213E-03	3.76467779E-03	3.64204403E-03	3.78121738E-03	3.07059032E-03
129.000000	3.72718228E-03	1.39450643E-03	1.92554679E-03	2.02035927E-03	2.96197156E-03	3.16130486E-03	3.53707280E-03	3.47079849E-03	3.57525470E-03	2.88513955E-03
130.000000	3.95198492E-03	1.33071840E-03	1.86500070E-03	1.95214862E-03	2.78547173E-03	3.02929501E-03	3.39343189E-03	3.17951571E-03	3.53503507E-03	2.81418301E-03
131.000000	4.18044860E-03	1.27956516E-03	1.72674085E-03	1.92882493E-03	2.62009120E-03	2.88672443E-03	3.18213389E-03	2.96220067E-03	3.30568897E-03	2.64948187E-03
132.000000	4.33108443E-03	1.27183704E-03	1.67851371E-03	1.86941552E-03	2.48196092E-03	2.77088583E-03	3.02825752E-03	2.79536028E-03	3.08120670E-03	2.46866280E-03
133.000000	4.52889781E-03	1.26791163E-03	1.66318065E-03	1.81308656E-03	2.41242582E-03	2.72550737E-03	2.89571914E-03	2.66247499E-03	2.93996977E-03	2.25023483E-03
134.000000	4.73089609E-03	1.23135606E-03	1.69790944E-03	1.85665349E-03	2.34993827E-03	2.61643436E-03	2.73941434E-03	2.56886799E-03	2.80041667E-03	2.10220763E-03
135.000000	4.96762386E-03	1.20387808E-03	1.77523016E-03	1.83435669E-03	2.26082699E-03	2.59019737E-03	2.70090182E-03	2.55234912E-03	2.71679717E-03	1.99253042E-03
136.000000	5.12348954E-03	1.22068380E-03	1.79960579E-03	1.81968766E-03	2.16247584E-03	2.60471832E-03	2.57408828E-03	2.52169743E-03	2.75308825E-03	1.89915660E-03
137.000000	5.26596559E-03	1.28066924E-03	1.88767270E-03	1.85430644E-03	2.07868917E-03	2.58095656E-03	2.47659278E-03	2.46645114E-03	2.75103049E-03	1.90082402E-03
138.000000	5.49704488E-03	1.33206777E-03	1.94402505E-03	2.04104255E-03	2.13522557E-03	2.68161413E-03	2.48283800E-03	2.50811526E-03	2.63130665E-03	1.89044920E-03
139.000000	5.75574022E-03	1.40505610E-03	2.08949274E-03	2.11922824E-03	2.19974900E-03	2.67418870E-03	2.48353207E-03	2.54133670E-03	2.57050944E-03	1.84116850E-03
140.000000	5.97206969E-03	1.47706305E-03	2.27073766E-03	2.22953921E-03	2.21180799E-03	2.76478031E-03	2.57495581E-03	2.45617260E-03	2.54095253E-03	1.84950547E-03
141.000000	6.17103418E-03	1.64266676E-03	2.42288900E-03	2.38048309E-03	2.25471915E-03	2.84266612E-03	2.62370333E-03	2.52500130E-03	2.51775607E-03	1.91249582E-03
142.000000	6.27658330E-03	1.82532158E-03	2.48592510E-03	2.61357310E-03	2.41587125E-03	2.92550214E-03	2.72657676E-03	2.63934862E-03	2.52112327E-03	2.03365949E-03
143.000000	6.34719385E-03	2.05937494E-03	2.65799626E-03	2.81453831E-03	2.47099809E-03	3.13605787E-03	2.79041729E-03	2.73846183E-03	2.58004991E-03	2.05311226E-03
144.000000	6.29018247E-03	2.22375197E-03	2.76716263E-03	2.87585473E-03	2.59973179E-03	3.29017942E-03	2.93752784E-03	2.85335979E-03	2.54843524E-03	2.14203983E-03
145.000000	6.26999326E-03	2.47755507E-03	2.87934300E-03	3.13182850E-03	2.64154677E-03	3.39083676E-03	3.07891355E-03	2.74874014E-03	2.46444158E-03	2.33267783E-03
146.000000	6.12134533E-03	2.77147116E-03	3.13279754E-03	3.33117996E-03	2.76479917E-03	3.46212205E-03	3.18490947E-03	2.80765747E-03	2.55610514E-03	2.37399223E-03
147.000000	5.88357123E-03	3.13052465E-03	3.29320529E-03	3.51234199E-03	3.00879800E-03	3.53093212E-03	3.33947968E-03	2.72579747E-03	2.69865151E-03	2.60798237E-03
148.000000	5.63177979E-03	3.34961247E-03	3.45190917E-03	3.59859550E-03	3.14645865E-03	3.59033654E-03	3.60785238E-03	2.70781014E-03	2.81968480E-03	2.71488074E-03
149.000000	5.46116428E-03	3.77061404E-03	3.67378024E-03	3.77256959E-03	3.23228096E-03	3.62861948E-03	3.71228717E-03	2.76636030E-03	2.88908719E-03	2.91441171E-03
150.000000	5.38741564E-03	4.13040351E-03	3.91570199E-03	3.87701299E-03	3.31199565E-03	3.69511941E-03	3.78098502E-03	2.68266466E-03	2.87056738E-03	2.99074105E-03
151.000000	5.20560704E-03	4.45547746E-03	4.11948794E-03	4.08927305E-03	3.62709560E-03	3.88851366E-03	3.93971847E-03	2.72267708E-03	3.08045838E-03	3.20916902E-03
152.000000	5.11888694E-03	4.87942342E-03	4.40256018E-03	4.26090043E-03	3.75817856E-03	3.89791955E-03	3.94960679E-03	2.70505692E-03	3.09579796E-03	3.37498169E-03
153.000000	5.01909107E-03	5.08697983E-03	4.73949499E-03	4.44528926E-03	3.93373892E-03	3.90716037E-03	3.93538177E-03	2.81463214E-03	3.06268688E-03	3.53282783E-03
154.000000	4.86584008E-03	5.38089592E-03	4.94537735E-03	4.52347519E-03	4.15283674E-03	4.04115021E-03	3.90554313E-03	2.76562618E-03	2.91396724E-03	3.59878247E-03
155.000000	4.77796933E-03	5.75332064E-03	5.13566518E-03	4.59652673E-03	4.38180100E-03	4.14114771E-03	3.86616332E-03	2.75075925E-03	2.90985173E-03	3.63787333E-03
156.000000	4.66834055E-03	5.69456164E-03	5.36356447E-03	4.65989672E-03	4.48813941E-03	4.20632726E-03	3.82504868E-03	2.80435383E-03	2.96803005E-03	3.76292760E-03
157.000000	4.65714745E-03	5.85133350E-03	5.52253053E-03	4.79807844E-03	4.62219771E-03	4.38025035E-03	3.75357526E-03	2.95247301E-03	2.92968121E-03	3.83258751E-03
158.000000	4.50766273E-03	5.95413055E-03	5.66393556E-03	4.84839315E-03	4.68813069E-03	4.44113975E-03	3.70604172E-03	3.01139033E-03	3.00731463E-03	3.85593087E-03
159.000000	4.49646963E-03	6.09385082E-03	5.81543148E-03	5.05991979E-03	4.81294934E-03	4.53371182E-03	3.82123212E-03	3.10940226E-03	3.01722926E-03	3.72439227E-03
160.000000	4.47335094E-03	6.21504849E-03	5.91725903E-03	5.15556149E-03	4.91130073E-03	4.62215813E-03	3.68678570E-03	3.36397649E-03	3.04042571E-03	3.70234577E-03
161.000000	4.50494280E-03	6.23811036E-03	6.12143800E-03	5.23536094E-03	5.05459914E-03	4.57083946E-03	3.71280755E-03	3.47410236E-03	3.17810825E-03	3.58988973E-03
162.000000	4.49594622E-03	6.30815467E-03	6.16258848E-03	5.19810151E-03	4.99633979E-03	4.54542739E-03	3.77578055E-03	3.48639954E-03	3.31148808E-03	3.58488737E-03
163.000000	4.42711450E-03	6.55864552E-03	6.18041120E-03	5.22435922E-03	4.98803984E-03	4.53998195E-03	3.68210161E-03	3.52806388E-03	3.34048364E-03	3.45056993E-03
164.000000	4.45148814E-03	6.69591269E-03	6.26900233E-03	5.23565430E-03	4.85601695E-03	4.37777489E-03	3.64688528E-03	3.55743081E-03	3.41026019E-03	3.23269772E-03
165.000000	4.35911911E-03	6.78398926E-03	6.31015282E-03	5.29741077E-03	4.90989117E-03	4.12976183E-03	3.62016959E-03	3.54770292E-03	3.35675874E-03	3.20361112E-03
166.000000	4.39280318E-03	6.74007367E-03	6.30556606E-03	5.35623357E-03	4.76001482E-03	4.04082006E-03	3.53429723E-03	3.46308970E-03	3.26116662E-03	3.17230122E-03
167.000000	4.40933090E-03	6.67616306E-03	6.12917030E-03	5.29843755E-03	4.69376892E-03	3.87894316E-03	3.36758350E-03	3.36728012E-03	3.05988081E-03	3.00834118E-03
168.000000	4.24122578E-03	6.74706604E-03	6.02485286E-03	5.11404825E-03	4.57411865E-03	3.67482286E-03	3.19583877E-03	3.27936304E-03	2.99010426E-03	2.89588515E-03
169.000000	4.16538538E-03	6.55913632E-03	5.87755023E-03	4.90208156E-03	4.47498402E-03	3.46228713E-03	3.03068617E-03	3.27881239E-03	2.77703325E-03	2.74304091E-03
170.000000	4.08410467E-03	6.35918509E-03	5.66485291E-03	4.82096197E-03	4.24508005E-03	3.18787177E-03	2.81574531E-03	3.07067460E-03	2.49081827E-03	2.59760767E-03
171.000000	3.95292649E-03	6.03423361E-03	5.40772872E-03	4.66327043E-03	4.12120158E-03	2.90421559E-03	2.66794069E-03	2.89539108E-03	2.31609610E-03	2.42642220E-03
172.000000	3.74412886E-03	5.77147584E-03	4.93882503E-03	4.39820206E-03	3.86921526E-03	2.53227795E-03	2.37718923E-03	2.64577265E-03	2.08207336E-03	2.20743846E-03
173.000000	3.47057893E-03	5.35035133E-03	4.50084917E-03	4.12975950E-03	3.49945831E-03	2.22618040E-03	2.19763792E-03	2.32218625E-03	1.88752206E-03	2.06478406E-03
174.000000	3.14817717E-03	4.80631227E-03	4.02893126E-03	3.72108165E-03	3.16274608E-03	1.95126992E-03	1.97315542E-03	2.08247919E-03	1.63142511E-03	1.87007000E-03
175.000000	2.77629588E-03	4.35636053E-03	3.44863278E-03	3.24155251E-03	2.72423704E-03	1.65540294E-03	1.67355640E-03	1.75632315E-03	1.37083861E-03	1.66368415E-03
176.000000	2.37522880E-03	3.74313607E-03	2.82063172E-03	2.79180123E-03	2.22543301E-03	1.35425560E-03	1.34897628E-03	1.31765532E-03	1.11025199E-03	1.38356281E-03
177.000000	1.90553896E-03	2.99006817E-03	2.23587779E-03	2.20313505E-03	1.81041565E-03	1.03578193E-03	1.10940123E-03	1.01719541E-03	8.92878335E-04	1.11585413E-03
178.000000	1.37496728E-03	2.15346250E-03	1.61665725E-03	1.59745256E-03	1.32727274E-03	7.76712666E-04	8.58723361E-04	7.34722707E-04	6.53430587E-04	8.29618890E-04
179.000000	8.32261110E-04	1.30508048E-03	9.50782094E-04	9.62285441E-04	8.05603631E-04	4.68964834E-04	4.78282891E-04	4.39034891E-04	3.43457912E-04	5.28191973E-04
180.000000	2.82127730E-04	4.44554142E-04	3.13345285E-04	3.15823272E-04	2.61226058E-04	1.52801353E-04	1.44508391E-04	1.53625500E-04	1.17479074E-04	1.79337003E-04
181.000000	0.00000000	0.00000000	0.00000000	0.00000000	0.00000000	0.00000000	0.00000000	0.00000000	0.00000000	0.00000000
182.000000	0.00000000	0.00000000	0.00000000	0.00000000	0.00000000	0.00000000	0.00000000	0.00000000	0.00000000	0.00000000
183.000000	0.00000000	0.00000000	0.00000000	0.00000000	0.00000000	0.00000000	0.00000000	0.00000000	0.00000000	0.00000000
184.000000	0.00000000	0.00000000	0.00000000	0.00000000	0.00000000	0.00000000	0.00000000	0.00000000	0.00000000	0.00000000
185.000000	0.00000000	0.00000000	0.00000000	0.00000000	0.00000000	0.00000000	0.00000000	0.00000000	0.00000000	0.00000000
186.000000	0.00000000	0.00000000	0.00000000	0.00000000	0.00000000	0.00000000	0.00000000	0.00000000	0.00000000	0.00000000
187.000000	0.00000000	0.00000000	0.00000000	0.00000000	0.00000000	0.00000000	0.00000000	0.00000000	0.00000000	0.00000000
188.000000	0.00000000	0.00000000	0.00000000	0.00000000	0.00000000	0.00000000	0.00000000	0.00000000	0.00000000	0.00000000
