31.0000000	0.00000000	0.00000000	0.00000000	0.00000000	0.00000000	0.00000000	0.00000000	0.00000000	0.00000000	0.00000000	0.00000000	0.00000000	0.00000000	0.00000000	0.00000000	0.00000000	0.00000000	0.00000000	0.00000000
32.0000000	0.00000000	0.00000000	0.00000000	0.00000000	0.00000000	0.00000000	0.00000000	0.00000000	0.00000000	0.00000000	0.00000000	0.00000000	0.00000000	0.00000000	0.00000000	0.00000000	0.00000000	0.00000000	0.00000000
33.0000000	0.00000000	0.00000000	0.00000000	0.00000000	0.00000000	0.00000000	0.00000000	0.00000000	0.00000000	0.00000000	0.00000000	0.00000000	0.00000000	0.00000000	0.00000000	0.00000000	0.00000000	0.00000000	0.00000000
34.0000000	0.00000000	0.00000000	0.00000000	0.00000000	0.00000000	0.00000000	0.00000000	0.00000000	0.00000000	0.00000000	0.00000000	0.00000000	0.00000000	0.00000000	0.00000000	0.00000000	0.00000000	0.00000000	0.00000000
35.0000000	0.00000000	0.00000000	0.00000000	0.00000000	0.00000000	0.00000000	0.00000000	0.00000000	0.00000000	0.00000000	0.00000000	0.00000000	0.00000000	0.00000000	0.00000000	0.00000000	0.00000000	0.00000000	0.00000000
36.0000000	0.00000000	0.00000000	0.00000000	0.00000000	0.00000000	0.00000000	0.00000000	0.00000000	0.00000000	0.00000000	0.00000000	0.00000000	0.00000000	0.00000000	0.00000000	0.00000000	0.00000000	0.00000000	0.00000000
37.0000000	0.00000000	0.00000000	0.00000000	0.00000000	0.00000000	0.00000000	0.00000000	0.00000000	0.00000000	0.00000000	0.00000000	0.00000000	0.00000000	0.00000000	0.00000000	0.00000000	0.00000000	0.00000000	0.00000000
38.0000000	0.00000000	0.00000000	0.00000000	0.00000000	0.00000000	0.00000000	0.00000000	0.00000000	0.00000000	0.00000000	0.00000000	0.00000000	0.00000000	0.00000000	0.00000000	0.00000000	0.00000000	0.00000000	0.00000000
39.0000000	0.00000000	0.00000000	0.00000000	0.00000000	0.00000000	0.00000000	0.00000000	0.00000000	0.00000000	0.00000000	0.00000000	0.00000000	0.00000000	0.00000000	0.00000000	0.00000000	0.00000000	0.00000000	0.00000000
40.0000000	0.00000000	0.00000000	0.00000000	0.00000000	0.00000000	0.00000000	0.00000000	0.00000000	0.00000000	0.00000000	0.00000000	0.00000000	0.00000000	0.00000000	0.00000000	0.00000000	0.00000000	0.00000000	0.00000000
41.0000000	0.00000000	0.00000000	0.00000000	0.00000000	0.00000000	0.00000000	0.00000000	0.00000000	0.00000000	0.00000000	0.00000000	0.00000000	0.00000000	0.00000000	0.00000000	0.00000000	0.00000000	0.00000000	0.00000000
42.0000000	0.00000000	0.00000000	0.00000000	0.00000000	0.00000000	0.00000000	0.00000000	0.00000000	0.00000000	0.00000000	0.00000000	0.00000000	0.00000000	0.00000000	0.00000000	0.00000000	0.00000000	0.00000000	0.00000000
43.0000000	0.00000000	0.00000000	0.00000000	0.00000000	0.00000000	0.00000000	0.00000000	0.00000000	0.00000000	0.00000000	0.00000000	0.00000000	0.00000000	0.00000000	0.00000000	0.00000000	0.00000000	0.00000000	0.00000000
44.0000000	0.00000000	0.00000000	0.00000000	0.00000000	0.00000000	0.00000000	0.00000000	0.00000000	0.00000000	0.00000000	0.00000000	0.00000000	0.00000000	0.00000000	0.00000000	0.00000000	0.00000000	0.00000000	0.00000000
45.0000000	0.00000000	0.00000000	0.00000000	0.00000000	0.00000000	0.00000000	0.00000000	0.00000000	0.00000000	0.00000000	0.00000000	0.00000000	0.00000000	0.00000000	0.00000000	0.00000000	0.00000000	0.00000000	0.00000000
46.0000000	0.00000000	0.00000000	0.00000000	0.00000000	0.00000000	0.00000000	0.00000000	0.00000000	0.00000000	0.00000000	0.00000000	0.00000000	0.00000000	0.00000000	0.00000000	0.00000000	0.00000000	0.00000000	0.00000000
47.0000000	0.00000000	0.00000000	0.00000000	0.00000000	0.00000000	0.00000000	0.00000000	0.00000000	0.00000000	0.00000000	0.00000000	0.00000000	0.00000000	0.00000000	0.00000000	0.00000000	0.00000000	0.00000000	0.00000000
48.0000000	0.00000000	0.00000000	0.00000000	0.00000000	0.00000000	0.00000000	0.00000000	0.00000000	0.00000000	0.00000000	0.00000000	0.00000000	0.00000000	0.00000000	0.00000000	0.00000000	0.00000000	0.00000000	0.00000000
49.0000000	0.00000000	0.00000000	0.00000000	0.00000000	0.00000000	0.00000000	0.00000000	0.00000000	0.00000000	0.00000000	0.00000000	0.00000000	0.00000000	0.00000000	0.00000000	0.00000000	0.00000000	0.00000000	0.00000000
50.0000000	0.00000000	0.00000000	0.00000000	0.00000000	0.00000000	0.00000000	0.00000000	0.00000000	0.00000000	0.00000000	0.00000000	0.00000000	0.00000000	0.00000000	0.00000000	0.00000000	0.00000000	0.00000000	0.00000000
51.0000000	0.00000000	0.00000000	0.00000000	0.00000000	0.00000000	0.00000000	0.00000000	0.00000000	0.00000000	0.00000000	0.00000000	0.00000000	0.00000000	0.00000000	0.00000000	0.00000000	0.00000000	0.00000000	0.00000000
52.0000000	0.00000000	0.00000000	0.00000000	0.00000000	0.00000000	0.00000000	0.00000000	0.00000000	0.00000000	0.00000000	0.00000000	0.00000000	0.00000000	0.00000000	0.00000000	0.00000000	0.00000000	0.00000000	0.00000000
53.0000000	0.00000000	0.00000000	0.00000000	0.00000000	0.00000000	0.00000000	0.00000000	0.00000000	0.00000000	0.00000000	0.00000000	0.00000000	0.00000000	0.00000000	0.00000000	0.00000000	0.00000000	0.00000000	0.00000000
54.0000000	0.00000000	0.00000000	0.00000000	0.00000000	0.00000000	0.00000000	0.00000000	0.00000000	0.00000000	0.00000000	0.00000000	0.00000000	0.00000000	0.00000000	0.00000000	0.00000000	0.00000000	0.00000000	0.00000000
55.0000000	0.00000000	0.00000000	0.00000000	0.00000000	0.00000000	0.00000000	0.00000000	0.00000000	0.00000000	0.00000000	0.00000000	0.00000000	0.00000000	0.00000000	0.00000000	0.00000000	0.00000000	0.00000000	0.00000000
56.0000000	0.00000000	0.00000000	0.00000000	0.00000000	0.00000000	0.00000000	0.00000000	0.00000000	0.00000000	0.00000000	0.00000000	0.00000000	0.00000000	0.00000000	0.00000000	0.00000000	0.00000000	0.00000000	0.00000000
57.0000000	0.00000000	0.00000000	0.00000000	0.00000000	0.00000000	0.00000000	0.00000000	0.00000000	0.00000000	0.00000000	0.00000000	0.00000000	0.00000000	0.00000000	0.00000000	0.00000000	0.00000000	0.00000000	0.00000000
58.0000000	0.00000000	0.00000000	0.00000000	0.00000000	0.00000000	0.00000000	0.00000000	0.00000000	0.00000000	0.00000000	0.00000000	0.00000000	0.00000000	0.00000000	0.00000000	0.00000000	0.00000000	0.00000000	0.00000000
59.0000000	0.00000000	0.00000000	0.00000000	0.00000000	0.00000000	0.00000000	0.00000000	0.00000000	0.00000000	0.00000000	0.00000000	0.00000000	0.00000000	0.00000000	0.00000000	0.00000000	0.00000000	0.00000000	0.00000000
60.0000000	0.00000000	0.00000000	0.00000000	0.00000000	0.00000000	0.00000000	0.00000000	0.00000000	0.00000000	0.00000000	0.00000000	0.00000000	0.00000000	0.00000000	0.00000000	0.00000000	0.00000000	0.00000000	0.00000000
61.0000000	0.00000000	0.00000000	0.00000000	0.00000000	0.00000000	0.00000000	0.00000000	0.00000000	0.00000000	0.00000000	0.00000000	0.00000000	0.00000000	0.00000000	0.00000000	0.00000000	0.00000000	0.00000000	0.00000000
62.0000000	0.00000000	0.00000000	0.00000000	0.00000000	0.00000000	0.00000000	0.00000000	0.00000000	0.00000000	0.00000000	0.00000000	0.00000000	0.00000000	0.00000000	0.00000000	0.00000000	0.00000000	0.00000000	0.00000000
63.0000000	0.00000000	0.00000000	0.00000000	0.00000000	0.00000000	0.00000000	0.00000000	0.00000000	0.00000000	0.00000000	0.00000000	0.00000000	0.00000000	0.00000000	0.00000000	0.00000000	0.00000000	0.00000000	0.00000000
64.0000000	0.00000000	0.00000000	0.00000000	0.00000000	0.00000000	0.00000000	0.00000000	0.00000000	0.00000000	0.00000000	0.00000000	0.00000000	0.00000000	0.00000000	0.00000000	0.00000000	0.00000000	0.00000000	0.00000000
65.0000000	0.00000000	0.00000000	0.00000000	0.00000000	0.00000000	0.00000000	0.00000000	0.00000000	0.00000000	0.00000000	0.00000000	0.00000000	0.00000000	0.00000000	0.00000000	0.00000000	0.00000000	0.00000000	9.89584166E-08
66.0000000	3.06963670E-07	0.00000000	0.00000000	0.00000000	0.00000000	0.00000000	0.00000000	0.00000000	0.00000000	0.00000000	0.00000000	0.00000000	0.00000000	0.00000000	0.00000000	0.00000000	0.00000000	0.00000000	0.00000000
67.0000000	1.53481835E-06	0.00000000	0.00000000	0.00000000	7.31997659E-07	0.00000000	0.00000000	0.00000000	0.00000000	0.00000000	0.00000000	0.00000000	0.00000000	0.00000000	0.00000000	0.00000000	0.00000000	0.00000000	1.97916833E-07
68.0000000	6.75320052E-06	0.00000000	8.68548966E-08	0.00000000	6.40497944E-07	0.00000000	0.00000000	0.00000000	0.00000000	0.00000000	0.00000000	0.00000000	2.94595964E-07	0.00000000	0.00000000	0.00000000	0.00000000	0.00000000	2.96875243E-07
69.0000000	7.67409165E-06	0.00000000	8.68548966E-07	0.00000000	0.00000000	0.00000000	0.00000000	0.00000000	0.00000000	0.00000000	0.00000000	0.00000000	9.81986545E-07	0.00000000	0.00000000	0.00000000	4.99035536E-07	0.00000000	2.96875243E-07
70.0000000	1.30459557E-05	0.00000000	9.55403834E-07	0.00000000	4.57498516E-07	0.00000000	0.00000000	0.00000000	9.59106004E-08	0.00000000	0.00000000	0.00000000	1.66937707E-06	0.00000000	0.00000000	0.00000000	7.98456881E-07	1.99366809E-07	1.48437618E-06
71.0000000	2.51710208E-05	6.62082982E-07	1.99766259E-06	3.60000058E-07	4.57498516E-07	0.00000000	0.00000000	0.00000000	9.59106004E-08	4.90822686E-07	0.00000000	0.00000000	1.37478116E-06	0.00000000	0.00000000	0.00000000	1.69672091E-06	1.99366809E-07	1.18750097E-06
72.0000000	4.14400965E-05	2.15176965E-06	2.69250177E-06	8.10000131E-07	9.14997031E-07	1.83949126E-07	0.00000000	4.70048121E-07	6.71374210E-07	1.76696176E-06	0.00000000	0.00000000	2.84776092E-06	0.00000000	2.96102144E-07	1.10023495E-06	2.49517780E-06	1.39556766E-06	1.38541782E-06
73.0000000	5.63278336E-05	2.31729041E-06	4.69016413E-06	1.71000033E-06	3.65998829E-07	4.13885527E-06	1.88047281E-07	2.72627904E-06	1.05501658E-06	2.15961995E-06	2.00396144E-07	1.99231650E-07	2.16037029E-06	1.17912703E-06	1.38180997E-06	1.20025641E-06	4.59112698E-06	2.39240171E-06	2.47396042E-06
74.0000000	7.36712827E-05	6.62082948E-06	6.51411710E-06	3.42000067E-06	1.18949617E-06	6.07032143E-06	4.13704038E-06	6.20463516E-06	4.12415602E-06	4.61373338E-06	7.01386512E-07	3.38693803E-06	3.63335016E-06	2.06347227E-06	3.15842294E-06	2.70057694E-06	7.48553339E-06	4.68512008E-06	2.37500194E-06
75.0000000	1.20329758E-04	1.22485344E-05	1.42442022E-05	8.37000152E-06	5.67298184E-06	8.92153275E-06	5.82946586E-06	8.64888534E-06	4.89144077E-06	4.90822686E-06	6.11208225E-06	3.18770640E-06	5.89191905E-06	6.68171970E-06	1.15479834E-05	4.70100395E-06	1.19768538E-05	1.06661246E-05	4.75000388E-06
76.0000000	1.29999113E-04	1.58899911E-05	2.32771108E-05	2.44800049E-05	1.50059514E-05	2.13380990E-05	1.49497591E-05	2.18102323E-05	1.25642891E-05	8.54031532E-06	1.12221842E-05	5.67810184E-06	1.68901679E-05	1.28721358E-05	1.51999102E-05	8.50181641E-06	2.20573711E-05	3.16993246E-05	1.37552197E-05
77.0000000	1.66681275E-04	3.02902954E-05	5.35026156E-05	4.40100084E-05	2.48879205E-05	4.84705961E-05	2.34118870E-05	3.84499363E-05	2.78140742E-05	1.02091117E-05	1.85366425E-05	1.64366102E-05	2.94595957E-05	2.79060059E-05	3.41504456E-05	1.79038234E-05	3.08403978E-05	4.98417030E-05	2.61250207E-05
78.0000000	2.38510765E-04	5.99185078E-05	9.04159460E-05	7.57800153E-05	4.90438433E-05	8.18573608E-05	4.54134170E-05	5.58417159E-05	4.71880157E-05	1.82586045E-05	3.41675441E-05	2.83905083E-05	4.47785860E-05	6.63258907E-05	6.19840503E-05	4.30091859E-05	4.82068353E-05	7.81517883E-05	5.66042108E-05
79.0000000	3.17707396E-04	7.96154782E-05	1.23768230E-04	1.31130029E-04	7.43892597E-05	1.36398288E-04	7.55950095E-05	9.66418884E-05	8.35381361E-05	3.21979678E-05	5.97180515E-05	4.79152113E-05	8.38616470E-05	1.01896221E-04	9.33708725E-05	6.16131583E-05	8.57343111E-05	1.29189692E-04	1.01630292E-04
80.0000000	4.15475341E-04	1.23643986E-04	1.91428189E-04	1.85940036E-04	1.16387622E-04	2.25981508E-04	1.31821143E-04	1.40732402E-04	1.38494914E-04	5.03584088E-05	1.09716886E-04	1.09876251E-04	1.37772717E-04	1.46997831E-04	1.44103047E-04	9.69207031E-05	1.20267570E-04	1.95479151E-04	1.54672001E-04
81.0000000	5.47623204E-04	2.13521751E-04	2.52747734E-04	2.66580057E-04	1.51706510E-04	3.45456472E-04	1.95851244E-04	1.83224751E-04	2.56656785E-04	8.58939748E-05	1.65527221E-04	2.11484396E-04	2.74072430E-04	2.22167175E-04	2.32736289E-04	1.69636231E-04	2.20274291E-04	2.98651488E-04	2.43239774E-04
82.0000000	7.66027835E-04	3.03565030E-04	3.42989981E-04	3.88890068E-04	2.40461231E-04	4.80567105E-04	2.46247917E-04	2.53167906E-04	4.01481782E-04	1.67665028E-04	2.58210435E-04	3.65091983E-04	4.64577839E-04	3.45680717E-04	3.51670635E-04	2.87761475E-04	3.47827794E-04	4.37410781E-04	3.88114888E-04
83.0000000	9.46675951E-04	4.76699730E-04	4.98199661E-04	5.32800099E-04	3.58861842E-04	6.87141961E-04	3.66598164E-04	3.94652394E-04	6.19678409E-04	3.10887088E-04	4.31953900E-04	6.48200163E-04	7.22251076E-04	4.71454259E-04	5.08308702E-04	4.44795005E-04	5.37361484E-04	6.13152632E-04	5.08349389E-04
84.0000000	1.25548139E-03	6.73503906E-04	6.70172391E-04	7.36920163E-04	5.20267349E-04	1.04188791E-03	5.32173784E-04	6.49136433E-04	9.00888292E-04	5.02406096E-04	6.15717145E-04	9.91476234E-04	1.11681328E-03	7.16810930E-04	7.10645167E-04	7.42858683E-04	8.13128543E-04	8.57775682E-04	7.42188073E-04
85.0000000	1.55968242E-03	8.38693581E-04	9.54361574E-04	1.02312025E-03	7.32089160E-04	1.43894204E-03	6.98783726E-04	9.76759940E-04	1.27014413E-03	7.94838299E-04	8.90460273E-04	1.43974752E-03	1.58875599E-03	9.40058962E-04	9.87994135E-04	1.13444228E-03	1.18181598E-03	1.16539875E-03	9.54058080E-04
86.0000000	1.89596112E-03	1.13365159E-03	1.26938429E-03	1.33542030E-03	1.04209012E-03	1.91932521E-03	9.65246698E-04	1.35740498E-03	1.69195898E-03	1.15451310E-03	1.22051267E-03	1.90883840E-03	2.05411948E-03	1.30047882E-03	1.33463100E-03	1.56333391E-03	1.63533958E-03	1.37373700E-03	1.23321975E-03
87.0000000	2.42378516E-03	1.51203200E-03	1.75724819E-03	1.74906035E-03	1.48577220E-03	2.44624750E-03	1.28173025E-03	1.74171629E-03	2.13573733E-03	1.60283060E-03	1.54675764E-03	2.36378377E-03	2.50485120E-03	1.73636270E-03	1.76644663E-03	1.99082517E-03	2.11601052E-03	1.73957506E-03	1.65488152E-03
88.0000000	3.00977868E-03	2.00445624E-03	2.37826072E-03	2.20419047E-03	2.01637903E-03	2.91191484E-03	1.65838900E-03	2.16964819E-03	2.67744041E-03	2.09571468E-03	1.89885369E-03	2.73465342E-03	3.05142486E-03	2.25645606E-03	2.26873462E-03	2.38260883E-03	2.65337201E-03	2.11916957E-03	2.21785600E-03
89.0000000	3.90319666E-03	2.61274492E-03	3.19000660E-03	2.82060052E-03	2.61615962E-03	3.49705690E-03	2.22083833E-03	2.62615876E-03	3.10242013E-03	2.58859899E-03	2.24193186E-03	3.18352249E-03	3.56677151E-03	2.95047043E-03	2.85718823E-03	2.87551410E-03	3.26349307E-03	2.68248050E-03	2.89789820E-03
90.0000000	5.05200820E-03	3.42247239E-03	4.07375488E-03	3.64707061E-03	3.37450905E-03	4.13296930E-03	2.94209365E-03	3.25282686E-03	3.78185092E-03	3.16011277E-03	2.84151710E-03	3.77543969E-03	4.30227956E-03	3.78283579E-03	3.61945387E-03	3.56386113E-03	4.02671797E-03	3.57993017E-03	3.77259147E-03
91.0000000	6.27096090E-03	4.54950286E-03	5.19305421E-03	4.69773076E-03	4.36911080E-03	5.06614288E-03	3.87875736E-03	4.05801926E-03	4.63564694E-03	3.93639784E-03	3.57516739E-03	4.49934788E-03	5.08639589E-03	4.89652110E-03	4.60122991E-03	4.54247044E-03	5.09954477E-03	4.72599035E-03	4.94762370E-03
92.0000000	7.82128051E-03	6.19229628E-03	6.63823262E-03	5.87583100E-03	5.70939854E-03	6.14215340E-03	5.17712953E-03	5.21198753E-03	5.67023503E-03	5.04811155E-03	4.72373795E-03	5.59691479E-03	6.28923113E-03	6.51958957E-03	5.91770001E-03	5.88375656E-03	6.53177686E-03	6.39708294E-03	6.49741152E-03
93.0000000	9.32693761E-03	7.93291256E-03	8.37133545E-03	7.49934139E-03	7.35456310E-03	7.46640330E-03	6.78023277E-03	6.76841056E-03	7.09537044E-03	6.77492376E-03	6.33903081E-03	7.15849269E-03	7.92914815E-03	8.69222917E-03	7.86121562E-03	7.78116193E-03	8.57053697E-03	8.49781092E-03	8.54347553E-03
94.0000000	1.11397114E-02	1.03101209E-02	1.02801453E-02	9.49311163E-03	9.44478251E-03	9.16333403E-03	8.70452076E-03	8.58909544E-03	8.97138193E-03	8.69256817E-03	8.22666287E-03	9.21675470E-03	1.00452313E-02	1.11187743E-02	1.02688223E-02	1.01041580E-02	1.09110130E-02	1.11588594E-02	1.10402955E-02
95.0000000	1.29412813E-02	1.27371522E-02	1.24842618E-02	1.17058521E-02	1.18961511E-02	1.15018794E-02	1.11241248E-02	1.09613342E-02	1.12730442E-02	1.12760626E-02	1.08184861E-02	1.17761837E-02	1.26147950E-02	1.39528057E-02	1.30493203E-02	1.26287974E-02	1.36734750E-02	1.38895866E-02	1.37932198E-02
96.0000000	1.48317171E-02	1.52985854E-02	1.51582640E-02	1.42349424E-02	1.47029050E-02	1.41677624E-02	1.37993796E-02	1.34226000E-02	1.39499092E-02	1.42767560E-02	1.38514815E-02	1.46528892E-02	1.56848785E-02	1.70788690E-02	1.62114929E-02	1.58599876E-02	1.66796651E-02	1.68814845E-02	1.67528670E-02
97.0000000	1.71479117E-02	1.81604382E-02	1.76842641E-02	1.68373827E-02	1.76752731E-02	1.69841144E-02	1.67425070E-02	1.64231043E-02	1.66888293E-02	1.73236858E-02	1.73658282E-02	1.77154783E-02	1.87795106E-02	2.03337502E-02	1.95508339E-02	1.90926790E-02	1.97207872E-02	1.99855268E-02	1.99907869E-02
98.0000000	1.94935743E-02	2.08935179E-02	2.05292832E-02	1.94365829E-02	2.06139684E-02	1.97710358E-02	1.97760873E-02	1.93933398E-02	1.95037089E-02	2.03216299E-02	2.05652528E-02	2.05500461E-02	2.17924416E-02	2.34806426E-02	2.28439849E-02	2.22921614E-02	2.27603130E-02	2.30213832E-02	2.30187159E-02
99.0000000	2.22275462E-02	2.33044922E-02	2.27021314E-02	2.19078045E-02	2.33785398E-02	2.23960821E-02	2.24069618E-02	2.21517701E-02	2.19807923E-02	2.30974294E-02	2.35543624E-02	2.31285021E-02	2.42809914E-02	2.63925958E-02	2.53933240E-02	2.51322687E-02	2.56261751E-02	2.58128177E-02	2.57165208E-02
100.000000	2.42696218E-02	2.53547970E-02	2.48308592E-02	2.39798743E-02	2.54212711E-02	2.43580844E-02	2.46055163E-02	2.44496465E-02	2.39722803E-02	2.52162125E-02	2.55629327E-02	2.51837764E-02	2.62538027E-02	2.83554494E-02	2.73992196E-02	2.70993877E-02	2.75536496E-02	2.76074186E-02	2.78943982E-02
101.000000	2.63304226E-02	2.70235781E-02	2.62815952E-02	2.56335344E-02	2.66768299E-02	2.57964749E-02	2.59734672E-02	2.62622461E-02	2.53676828E-02	2.67176386E-02	2.70117968E-02	2.62264553E-02	2.72095706E-02	2.89383307E-02	2.88581140E-02	2.84353737E-02	2.84516141E-02	2.86195036E-02	2.89510749E-02
102.000000	2.78663151E-02	2.77757049E-02	2.69578490E-02	2.63888147E-02	2.73380987E-02	2.65708081E-02	2.68074572E-02	2.68907938E-02	2.57540103E-02	2.71446556E-02	2.71158032E-02	2.63822544E-02	2.72444300E-02	2.89294869E-02	2.86964420E-02	2.85849050E-02	2.81965081E-02	2.82565579E-02	2.92294454E-02
103.000000	2.88014803E-02	2.80181915E-02	2.72931084E-02	2.65839342E-02	2.74520162E-02	2.64480226E-02	2.67624184E-02	2.70276722E-02	2.54612919E-02	2.65405495E-02	2.63267420E-02	2.59168483E-02	2.63119359E-02	2.78191436E-02	2.80611068E-02	2.75178775E-02	2.73110196E-02	2.76123025E-02	2.81854346E-02
104.000000	2.91035324E-02	2.78948788E-02	2.71348581E-02	2.63330154E-02	2.67815981E-02	2.55141128E-02	2.59743128E-02	2.63371710E-02	2.45566629E-02	2.55351495E-02	2.49347910E-02	2.43125372E-02	2.48389561E-02	2.58868486E-02	2.65685543E-02	2.56864876E-02	2.55851541E-02	2.59213746E-02	2.65103653E-02
105.000000	2.89901104E-02	2.72750035E-02	2.63837371E-02	2.53533646E-02	2.54801977E-02	2.42787097E-02	2.46600509E-02	2.50585470E-02	2.32806690E-02	2.38422025E-02	2.29102895E-02	2.25492362E-02	2.27017608E-02	2.39595659E-02	2.45490391E-02	2.37140656E-02	2.35307254E-02	2.37953253E-02	2.41995864E-02
106.000000	2.84097940E-02	2.64187660E-02	2.49827672E-02	2.42426749E-02	2.40539908E-02	2.28735227E-02	2.31709983E-02	2.40206812E-02	2.19145175E-02	2.22832523E-02	2.11478043E-02	2.08369400E-02	2.06296705E-02	2.16887631E-02	2.23760437E-02	2.15949118E-02	2.13301778E-02	2.18392387E-02	2.18709968E-02
107.000000	2.74801552E-02	2.56360173E-02	2.38132663E-02	2.28164438E-02	2.27071159E-02	2.15007104E-02	2.16389764E-02	2.24207304E-02	2.01570522E-02	2.03614850E-02	1.92428399E-02	1.91187672E-02	1.88606232E-02	1.96759943E-02	2.02671066E-02	1.96907055E-02	1.92315336E-02	1.99830346E-02	1.96690727E-02
108.000000	2.64720861E-02	2.46951971E-02	2.26914492E-02	2.15459149E-02	2.11647972E-02	2.00609397E-02	2.01224703E-02	2.09385753E-02	1.87580995E-02	1.87248867E-02	1.74408779E-02	1.74712203E-02	1.75402444E-02	1.78238805E-02	1.83813293E-02	1.77641939E-02	1.76568758E-02	1.85086168E-02	1.80042963E-02
109.000000	2.52571236E-02	2.40046456E-02	2.14973688E-02	2.04699636E-02	1.97850727E-02	1.89397708E-02	1.90345217E-02	1.97792482E-02	1.75932646E-02	1.75792072E-02	1.61797833E-02	1.63644888E-02	1.63579322E-02	1.64098125E-02	1.68957859E-02	1.65186282E-02	1.63036920E-02	1.70592200E-02	1.67109091E-02
110.000000	2.41532829E-02	2.32482161E-02	2.07255762E-02	1.98755134E-02	1.87790338E-02	1.79829597E-02	1.81996860E-02	1.90647747E-02	1.67565420E-02	1.66940577E-02	1.55276954E-02	1.56352017E-02	1.55489715E-02	1.53908497E-02	1.56660732E-02	1.54152932E-02	1.54428547E-02	1.61645617E-02	1.57624912E-02
111.000000	2.33074445E-02	2.26986874E-02	2.01461669E-02	1.93036534E-02	1.80571917E-02	1.74972415E-02	1.77150890E-02	1.84414908E-02	1.63094066E-02	1.61210708E-02	1.50002521E-02	1.51567468E-02	1.51096303E-02	1.48892291E-02	1.50435679E-02	1.49740987E-02	1.48746530E-02	1.55259892E-02	1.52095119E-02
112.000000	2.24144869E-02	2.20569633E-02	1.96500514E-02	1.88370943E-02	1.76744498E-02	1.71782728E-02	1.73681416E-02	1.79875195E-02	1.61482766E-02	1.56937614E-02	1.49799120E-02	1.49629936E-02	1.49971927E-02	1.47158979E-02	1.44127719E-02	1.46599310E-02	1.45467864E-02	1.52142793E-02	1.48020014E-02
113.000000	2.17096992E-02	2.16252841E-02	1.92760546E-02	1.88066736E-02	1.75290555E-02	1.69952437E-02	1.72216520E-02	1.80433616E-02	1.59824472E-02	1.57994851E-02	1.50893284E-02	1.50473686E-02	1.49247227E-02	1.46524217E-02	1.43867144E-02	1.46736344E-02	1.44073563E-02	1.51317418E-02	1.47828041E-02
114.000000	2.14366540E-02	2.11763922E-02	1.91549789E-02	1.87823735E-02	1.77083034E-02	1.68798156E-02	1.73305310E-02	1.79366600E-02	1.62069742E-02	1.59633216E-02	1.54098626E-02	1.53408367E-02	1.51777808E-02	1.46877952E-02	1.44644910E-02	1.47581520E-02	1.44024659E-02	1.51572609E-02	1.49085801E-02
115.000000	2.04921272E-02	2.10345406E-02	1.92138664E-02	1.87139735E-02	1.77698825E-02	1.69003271E-02	1.75783783E-02	1.79148503E-02	1.65500455E-02	1.61745716E-02	1.57394130E-02	1.57169867E-02	1.53551269E-02	1.47937201E-02	1.48813045E-02	1.48661751E-02	1.46571733E-02	1.54509274E-02	1.52413771E-02
116.000000	2.00620703E-02	2.07097884E-02	1.91929340E-02	1.88210737E-02	1.80587471E-02	1.71754230E-02	1.79628413E-02	1.79078933E-02	1.70258582E-02	1.63715873E-02	1.59610510E-02	1.61123611E-02	1.57679543E-02	1.50853572E-02	1.51665490E-02	1.53205721E-02	1.50474198E-02	1.56808980E-02	1.53987212E-02
117.000000	2.00419649E-02	2.06017047E-02	1.93656888E-02	1.88450143E-02	1.83880553E-02	1.74720399E-02	1.82114393E-02	1.80364046E-02	1.74423028E-02	1.67489313E-02	1.62622463E-02	1.64253544E-02	1.61503404E-02	1.54288765E-02	1.55772427E-02	1.55935306E-02	1.53861651E-02	1.61508042E-02	1.57453716E-02
118.000000	1.95356291E-02	2.05623098E-02	1.92599855E-02	1.88465435E-02	1.87227614E-02	1.78428814E-02	1.85962785E-02	1.80343352E-02	1.79111138E-02	1.70427375E-02	1.70086231E-02	1.68082770E-02	1.62980314E-02	1.57424267E-02	1.59705654E-02	1.57608669E-02	1.58552583E-02	1.61641631E-02	1.57320127E-02
119.000000	1.92384869E-02	2.01538056E-02	1.91363916E-02	1.88909136E-02	1.88000780E-02	1.79523323E-02	1.87682472E-02	1.80995781E-02	1.82656944E-02	1.72467250E-02	1.74807552E-02	1.71328261E-02	1.66689269E-02	1.62457172E-02	1.64226145E-02	1.61668528E-02	1.62721518E-02	1.63545571E-02	1.59170646E-02
120.000000	1.87008400E-02	1.97530799E-02	1.89831797E-02	1.87145136E-02	1.86953116E-02	1.82876717E-02	1.89351384E-02	1.82730258E-02	1.86474193E-02	1.75475981E-02	1.78774409E-02	1.75935496E-02	1.71306562E-02	1.64637566E-02	1.66788418E-02	1.63854994E-02	1.65139847E-02	1.65695753E-02	1.61278471E-02
121.000000	1.84081513E-02	1.95322745E-02	1.88567191E-02	1.86584443E-02	1.89241525E-02	1.87181123E-02	1.91837382E-02	1.83359180E-02	1.88257173E-02	1.77060366E-02	1.82447657E-02	1.79921109E-02	1.75140239E-02	1.67484172E-02	1.70705840E-02	1.68148912E-02	1.69341732E-02	1.68953408E-02	1.63165592E-02
122.000000	1.80448592E-02	1.90595482E-02	1.86985563E-02	1.84943732E-02	1.89423598E-02	1.88924950E-02	1.93441417E-02	1.82468910E-02	1.90470777E-02	1.77433379E-02	1.86356381E-02	1.82339791E-02	1.79116316E-02	1.70083176E-02	1.72150824E-02	1.70662459E-02	1.74461827E-02	1.70001071E-02	1.68063045E-02
123.000000	1.75098218E-02	1.85624883E-02	1.85062587E-02	1.84689928E-02	1.88079476E-02	1.89741682E-02	1.93336103E-02	1.82484891E-02	1.89988352E-02	1.78737007E-02	1.89371351E-02	1.83876865E-02	1.82582717E-02	1.71985496E-02	1.76154133E-02	1.71638671E-02	1.74782220E-02	1.72047578E-02	1.71561241E-02
124.000000	1.71882771E-02	1.81256793E-02	1.82160772E-02	1.82962827E-02	1.88158154E-02	1.90332159E-02	1.93311665E-02	1.82731207E-02	1.91428922E-02	1.78742893E-02	1.89658925E-02	1.85775533E-02	1.84096936E-02	1.72313694E-02	1.76932868E-02	1.71858706E-02	1.77044850E-02	1.71682741E-02	1.71990711E-02
125.000000	1.67663563E-02	1.75624117E-02	1.78469438E-02	1.81456227E-02	1.85702313E-02	1.89273544E-02	1.94224641E-02	1.85194258E-02	1.92025490E-02	1.79088432E-02	1.89178977E-02	1.86516680E-02	1.84254069E-02	1.72596686E-02	1.78189334E-02	1.72727890E-02	1.80100929E-02	1.73129141E-02	1.76055916E-02
126.000000	1.62254851E-02	1.70181803E-02	1.74267404E-02	1.79668833E-02	1.83660034E-02	1.87286884E-02	1.91375725E-02	1.83775648E-02	1.91298500E-02	1.78253055E-02	1.88800227E-02	1.86478831E-02	1.84832457E-02	1.71052013E-02	1.76144261E-02	1.74293220E-02	1.79227628E-02	1.73704308E-02	1.78475454E-02
127.000000	1.58106238E-02	1.63756292E-02	1.69498194E-02	1.75964441E-02	1.79427266E-02	1.86816901E-02	1.88505184E-02	1.82648469E-02	1.88229345E-02	1.76589172E-02	1.86992642E-02	1.84959676E-02	1.84642933E-02	1.69022940E-02	1.76771991E-02	1.73082966E-02	1.79828461E-02	1.73497964E-02	1.79048423E-02
128.000000	1.54309105E-02	1.58161689E-02	1.63566004E-02	1.73889026E-02	1.75870676E-02	1.82119757E-02	1.84430201E-02	1.80531386E-02	1.85324214E-02	1.75124556E-02	1.83532815E-02	1.84510425E-02	1.83764044E-02	1.69465113E-02	1.76271573E-02	1.72194783E-02	1.78415198E-02	1.70441680E-02	1.79534312E-02
129.000000	1.48530509E-02	1.50676835E-02	1.60557348E-02	1.69638339E-02	1.71205103E-02	1.78757161E-02	1.79701746E-02	1.76439136E-02	1.81198139E-02	1.72389690E-02	1.79985799E-02	1.81787908E-02	1.82464886E-02	1.66599825E-02	1.73557308E-02	1.71304587E-02	1.76649615E-02	1.69606339E-02	1.78002436E-02
130.000000	1.42257707E-02	1.45525830E-02	1.55368643E-02	1.65273324E-02	1.64999589E-02	1.73511859E-02	1.75076723E-02	1.71568505E-02	1.76855307E-02	1.68617237E-02	1.76201314E-02	1.76371802E-02	1.79177187E-02	1.65180955E-02	1.70948654E-02	1.69181135E-02	1.74418911E-02	1.67017560E-02	1.76149942E-02
131.000000	1.37779107E-02	1.40767116E-02	1.49859432E-02	1.60858836E-02	1.60404481E-02	1.67386346E-02	1.68985873E-02	1.67394467E-02	1.71611886E-02	1.65631063E-02	1.71811637E-02	1.72752757E-02	1.75255146E-02	1.62339248E-02	1.67171378E-02	1.66480560E-02	1.70953609E-02	1.64186545E-02	1.73661131E-02
132.000000	1.30448816E-02	1.35295000E-02	1.45446341E-02	1.54999830E-02	1.54591501E-02	1.59485731E-02	1.64375883E-02	1.63063444E-02	1.66290756E-02	1.57471634E-02	1.66980084E-02	1.68168433E-02	1.70283336E-02	1.58830378E-02	1.63638871E-02	1.64983235E-02	1.65714733E-02	1.60307866E-02	1.69154555E-02
133.000000	1.23275071E-02	1.29579566E-02	1.39649641E-02	1.50028225E-02	1.48747414E-02	1.53271016E-02	1.58400685E-02	1.56099219E-02	1.60767268E-02	1.54682770E-02	1.61835924E-02	1.61223225E-02	1.66000891E-02	1.52534815E-02	1.59294065E-02	1.60754342E-02	1.60303190E-02	1.54878106E-02	1.64425336E-02
134.000000	1.16905579E-02	1.24594085E-02	1.32988738E-02	1.44539131E-02	1.42364390E-02	1.46176098E-02	1.51251126E-02	1.50515046E-02	1.54270288E-02	1.48891062E-02	1.56476330E-02	1.55607881E-02	1.59360711E-02	1.47540225E-02	1.53114414E-02	1.53782852E-02	1.54763907E-02	1.51704187E-02	1.58444289E-02
135.000000	1.11070201E-02	1.17016537E-02	1.26763852E-02	1.38404723E-02	1.34933703E-02	1.40618999E-02	1.44183375E-02	1.43361855E-02	1.47933476E-02	1.45257013E-02	1.51205901E-02	1.48847951E-02	1.52382711E-02	1.42379580E-02	1.46365259E-02	1.50045054E-02	1.48801422E-02	1.46755902E-02	1.53562678E-02
136.000000	1.06281564E-02	1.12155201E-02	1.20517248E-02	1.31961629E-02	1.28494864E-02	1.33286780E-02	1.36410436E-02	1.35457525E-02	1.41902613E-02	1.38861593E-02	1.44015690E-02	1.42820198E-02	1.46306176E-02	1.38767520E-02	1.40838027E-02	1.43742701E-02	1.41838882E-02	1.40937380E-02	1.47150168E-02
137.000000	9.89297871E-03	1.06042521E-02	1.13839842E-02	1.24838119E-02	1.22702019E-02	1.27297398E-02	1.29707493E-02	1.30139403E-02	1.35350963E-02	1.32911839E-02	1.38859497E-02	1.36354137E-02	1.38526876E-02	1.31295789E-02	1.33969439E-02	1.39856869E-02	1.34864366E-02	1.35545507E-02	1.38831725E-02
138.000000	9.42163635E-03	1.00937858E-02	1.09442379E-02	1.16918124E-02	1.15356427E-02	1.19950473E-02	1.22864451E-02	1.22929802E-02	1.26821632E-02	1.27089703E-02	1.32368663E-02	1.28977587E-02	1.29666412E-02	1.24962898E-02	1.26089174E-02	1.33537520E-02	1.28696281E-02	1.29159791E-02	1.33376149E-02
139.000000	8.86449683E-03	9.56461579E-03	1.03223566E-02	1.10205021E-02	1.07688745E-02	1.11854868E-02	1.14301722E-02	1.15438178E-02	1.20302588E-02	1.21127190E-02	1.24236587E-02	1.21784322E-02	1.23207886E-02	1.18503245E-02	1.20734666E-02	1.25418790E-02	1.20751634E-02	1.21867945E-02	1.24616353E-02
140.000000	8.33053328E-03	8.74677766E-03	9.75067820E-03	1.03897816E-02	1.01392651E-02	1.06060468E-02	1.07249944E-02	1.09312506E-02	1.13572543E-02	1.14457887E-02	1.18305869E-02	1.15563320E-02	1.14763789E-02	1.11371493E-02	1.13161355E-02	1.19336490E-02	1.13253128E-02	1.15841087E-02	1.17950514E-02
141.000000	7.72857759E-03	8.14891700E-03	9.07815993E-03	9.74466186E-03	9.48934257E-03	9.97970067E-03	9.96782258E-03	1.01839686E-02	1.06936488E-02	1.07610915E-02	1.10340118E-02	1.08570289E-02	1.06870579E-02	1.05099520E-02	1.06500043E-02	1.12548042E-02	1.05492128E-02	1.07982047E-02	1.10305976E-02
142.000000	7.27995019E-03	7.53218681E-03	8.51690397E-03	9.15597193E-03	8.93238373E-03	9.25613660E-03	9.26856883E-03	9.50503070E-03	9.93720163E-03	1.02452366E-02	1.04191964E-02	1.03518767E-02	9.95027274E-03	9.95851308E-03	9.95653309E-03	1.06805814E-02	9.98150930E-03	1.01445811E-02	1.02875186E-02
143.000000	6.81843050E-03	6.92522200E-03	7.80478073E-03	8.55378155E-03	8.36023688E-03	8.71146284E-03	8.71034991E-03	8.96673184E-03	9.15763993E-03	9.62630939E-03	9.72261932E-03	9.68983024E-03	9.36893746E-03	9.25791543E-03	9.37429722E-03	9.99593548E-03	9.25820787E-03	9.55256075E-03	9.49624740E-03
144.000000	6.35460857E-03	6.28598128E-03	7.24309031E-03	7.94934109E-03	7.57141737E-03	8.18775967E-03	8.06901511E-03	8.37710313E-03	8.63118656E-03	8.96860659E-03	9.09297541E-03	8.97279568E-03	8.65552388E-03	8.62698443E-03	8.75149574E-03	9.48452577E-03	8.60307366E-03	8.91388953E-03	8.76870472E-03
145.000000	5.88480057E-03	5.66759566E-03	6.64683152E-03	7.27380160E-03	7.07109738E-03	7.53207318E-03	7.50242826E-03	7.65106734E-03	7.97669310E-03	8.42732750E-03	8.47174693E-03	8.44622590E-03	8.11101217E-03	8.11160728E-03	8.10234156E-03	8.84358864E-03	8.02030042E-03	8.20902828E-03	8.06520972E-03
146.000000	5.39519358E-03	5.06758317E-03	6.14950014E-03	6.67350134E-03	6.54515671E-03	6.93580182E-03	6.84548542E-03	7.00399885E-03	7.41820550E-03	7.94435758E-03	7.87867419E-03	7.84135889E-03	7.44080637E-03	7.64359254E-03	7.43522355E-03	8.15274101E-03	7.47275818E-03	7.55660003E-03	7.45938625E-03
147.000000	4.91448818E-03	4.76964563E-03	5.72347688E-03	6.14907127E-03	5.97053859E-03	6.42663101E-03	6.35703234E-03	6.41822489E-03	6.79267664E-03	7.38756871E-03	7.31425872E-03	7.32425321E-03	6.94411760E-03	7.23148743E-03	6.88368408E-03	7.52630783E-03	6.99667819E-03	6.97026262E-03	6.83763064E-03
148.000000	4.36533056E-03	4.23236517E-03	5.18019963E-03	5.70033118E-03	5.43444185E-03	5.96473459E-03	5.82692726E-03	5.77548100E-03	6.21634955E-03	6.84452243E-03	6.88871741E-03	6.84211263E-03	6.38291240E-03	6.65980764E-03	6.30914699E-03	6.91587711E-03	6.45911694E-03	6.38950709E-03	6.29335921E-03
149.000000	3.87848588E-03	3.80763900E-03	4.62302566E-03	5.10606077E-03	5.04684914E-03	5.44406660E-03	5.32737933E-03	5.21687604E-03	5.86100109E-03	6.48396416E-03	6.49153255E-03	6.21811906E-03	5.82534075E-03	6.13715919E-03	5.84022002E-03	6.44957740E-03	6.02984661E-03	5.90773718E-03	5.69970766E-03
150.000000	3.46224313E-03	3.38539574E-03	4.22653276E-03	4.68027079E-03	4.57452796E-03	5.02926111E-03	4.88161342E-03	4.83632507E-03	5.29253902E-03	5.89752896E-03	5.97681478E-03	5.76287508E-03	5.39365923E-03	5.77791873E-03	5.36882551E-03	5.94206899E-03	5.48020890E-03	5.44640236E-03	5.20313438E-03
151.000000	3.10647232E-03	3.08547216E-03	3.88415088E-03	4.24737064E-03	4.23103804E-03	4.61169658E-03	4.54181200E-03	4.39494988E-03	4.91254125E-03	5.41534508E-03	5.54295722E-03	5.37696341E-03	5.00047207E-03	5.39833819E-03	4.94924840E-03	5.36764646E-03	5.12499548E-03	5.00101689E-03	4.72912379E-03
152.000000	2.64602690E-03	2.81683193E-03	3.54698021E-03	3.75552080E-03	3.84143204E-03	4.24692547E-03	4.14672447E-03	3.90685210E-03	4.46041860E-03	5.07873856E-03	5.12803718E-03	4.88745095E-03	4.49514156E-03	4.95734438E-03	4.56717797E-03	4.92965290E-03	4.70360974E-03	4.49233223E-03	4.39800881E-03
153.000000	2.34842557E-03	2.52270163E-03	3.18479515E-03	3.33351060E-03	3.50453029E-03	3.80820688E-03	3.81839415E-03	3.55929835E-03	4.20865323E-03	4.73182509E-03	4.82543884E-03	4.54566907E-03	4.13308293E-03	4.58867103E-03	4.14424576E-03	4.50396212E-03	4.33951337E-03	4.11742320E-03	3.88025842E-03
154.000000	2.04468495E-03	2.24413024E-03	2.90243002E-03	2.96676066E-03	3.16945836E-03	3.36700492E-03	3.40957940E-03	3.24925454E-03	3.81052820E-03	4.37607709E-03	4.33376711E-03	4.25389456E-03	3.68549372E-03	4.13686875E-03	3.82356695E-03	4.12588147E-03	3.96453822E-03	3.76783335E-03	3.48788826E-03
155.000000	1.81262044E-03	2.03524297E-03	2.61259521E-03	2.65356060E-03	2.86860717E-03	3.09264474E-03	3.06093972E-03	2.92529748E-03	3.46275629E-03	4.05615894E-03	3.98257282E-03	3.91231198E-03	3.32834525E-03	3.83216259E-03	3.51621304E-03	3.68908793E-03	3.63647216E-03	3.37926741E-03	3.16686719E-03
156.000000	1.56444032E-03	1.83214911E-03	2.31972057E-03	2.37213052E-03	2.60481355E-03	2.78682937E-03	2.72405287E-03	2.66225846E-03	3.11949244E-03	3.80397402E-03	3.65362247E-03	3.60519625E-03	3.06782406E-03	3.53462971E-03	3.17174755E-03	3.37752141E-03	3.32068256E-03	3.06277256E-03	2.81635649E-03
157.000000	1.36690924E-03	1.60704087E-03	2.08938122E-03	2.12553050E-03	2.32089008E-03	2.51761987E-03	2.42214301E-03	2.39743339E-03	2.81344168E-03	3.51595925E-03	3.38739622E-03	3.20733059E-03	2.76861293E-03	3.28347553E-03	2.99221091E-03	3.01854475E-03	2.99471244E-03	2.78276205E-03	2.51710624E-03
158.000000	1.15065335E-03	1.43804413E-03	1.85157266E-03	1.89261034E-03	2.09049368E-03	2.18393607E-03	2.08083726E-03	2.09585042E-03	2.55218102E-03	3.23393266E-03	3.13359452E-03	2.99734040E-03	2.51712603E-03	3.00539820E-03	2.75147986E-03	2.74158572E-03	2.76405807E-03	2.57890928E-03	2.24309042E-03
159.000000	1.00837566E-03	1.27831672E-03	1.63044012E-03	1.68075028E-03	1.95086526E-03	1.93385722E-03	1.89156760E-03	1.87088549E-03	2.32928479E-03	2.98125716E-03	2.82147760E-03	2.71532801E-03	2.21938780E-03	2.65676971E-03	2.53187073E-03	2.50193430E-03	2.45645270E-03	2.31724046E-03	2.00163177E-03
160.000000	8.67632800E-04	1.11991330E-03	1.46281009E-03	1.51659024E-03	1.79128977E-03	1.73224893E-03	1.71555532E-03	1.68888282E-03	2.05191132E-03	2.72534206E-03	2.56136339E-03	2.50274781E-03	2.00600200E-03	2.45317374E-03	2.24228273E-03	2.25908263E-03	2.15144223E-03	2.05028825E-03	1.74918887E-03
161.000000	7.23206380E-04	1.03698741E-03	1.28606043E-03	1.36341027E-03	1.58751989E-03	1.51969574E-03	1.55731360E-03	1.51778536E-03	1.86421443E-03	2.49985815E-03	2.28862418E-03	2.29245890E-03	1.84397434E-03	2.23395438E-03	2.07034615E-03	2.04263628E-03	1.92338286E-03	1.85929483E-03	1.53880334E-03
162.000000	5.97811770E-04	8.79908272E-04	1.15021935E-03	1.21833023E-03	1.45795627E-03	1.41236139E-03	1.37819850E-03	1.39200047E-03	1.71727932E-03	2.27084034E-03	2.10005138E-03	2.02568783E-03	1.63206167E-03	2.06524087E-03	1.85350073E-03	1.80158485E-03	1.75520789E-03	1.65295019E-03	1.30654790E-03
163.000000	5.02039096E-04	7.76954344E-04	1.01672334E-03	1.10664021E-03	1.35575118E-03	1.25839596E-03	1.23941968E-03	1.23810675E-03	1.56209595E-03	2.06400757E-03	1.91468489E-03	1.84149807E-03	1.42771017E-03	1.81271124E-03	1.67080574E-03	1.65415334E-03	1.63074839E-03	1.49684597E-03	1.19531865E-03
164.000000	4.13480069E-04	6.40399754E-04	9.25004599E-04	9.64890176E-04	1.24036998E-03	1.13275880E-03	1.13505335E-03	1.12021866E-03	1.45467615E-03	1.85148139E-03	1.74835615E-03	1.69416633E-03	1.28718792E-03	1.64615957E-03	1.53736235E-03	1.48521725E-03	1.46207435E-03	1.35071017E-03	1.01471960E-03
165.000000	3.51473398E-04	5.56977291E-04	8.11311591E-04	8.98380182E-04	1.16049079E-03	1.05218904E-03	1.04309828E-03	1.03457586E-03	1.31186517E-03	1.69844285E-03	1.58413150E-03	1.54862751E-03	1.14479987E-03	1.50427129E-03	1.42602785E-03	1.33208453E-03	1.28481700E-03	1.20706635E-03	8.94287194E-04
166.000000	2.99443054E-04	4.97058791E-04	7.46430946E-04	8.14590137E-04	1.06121355E-03	9.59202764E-04	9.40142374E-04	9.02586384E-04	1.14181568E-03	1.59438839E-03	1.40888512E-03	1.36872136E-03	1.03786157E-03	1.37830118E-03	1.27087045E-03	1.20815809E-03	1.13440759E-03	1.08236237E-03	7.97505840E-04
167.000000	2.50328885E-04	4.28864238E-04	6.22402178E-04	7.34400121E-04	9.65779356E-04	8.80840409E-04	8.33707629E-04	8.20797984E-04	1.05329021E-03	1.42593810E-03	1.29115232E-03	1.24838552E-03	9.67747706E-04	1.20555912E-03	1.19556172E-03	1.09963492E-03	1.02202478E-03	9.81183723E-04	7.01021403E-04
168.000000	2.05358694E-04	3.73580318E-04	5.40063716E-04	6.96240109E-04	8.76201200E-04	7.81507872E-04	7.51436921E-04	7.64392258E-04	9.53543233E-04	1.32129469E-03	1.15919148E-03	1.06499274E-03	8.49811127E-04	1.09039771E-03	1.04089768E-03	1.00361439E-03	9.00459767E-04	8.83892761E-04	6.38182799E-04
169.000000	1.73587949E-04	3.32531170E-04	4.94117499E-04	6.32610114E-04	7.68872036E-04	7.52076041E-04	6.52524061E-04	6.74519048E-04	8.57440755E-04	1.17188832E-03	1.02021673E-03	9.48243018E-04	7.68011669E-04	9.94790113E-04	9.52461909E-04	9.10194416E-04	8.29496887E-04	7.53905624E-04	5.85833797E-04
170.000000	1.48109975E-04	2.90488882E-04	4.49474086E-04	5.74740116E-04	6.67856366E-04	6.96707342E-04	5.76741004E-04	6.14352874E-04	7.20864104E-04	1.06164953E-03	9.17814323E-04	8.70044576E-04	7.02807738E-04	8.89061717E-04	8.83470115E-04	8.33978120E-04	7.17513321E-04	6.54720585E-04	5.42391092E-04
171.000000	1.14190487E-04	2.57715787E-04	3.78861034E-04	5.17320121E-04	6.15975994E-04	6.20092498E-04	5.26532414E-04	5.29462181E-04	6.56604010E-04	9.58184071E-04	8.26734293E-04	7.63654883E-04	6.39764243E-04	7.52283027E-04	7.90592690E-04	7.19253614E-04	6.09122799E-04	5.80655818E-04	4.59859759E-04
172.000000	1.04828090E-04	2.33549756E-04	3.46464163E-04	4.51170083E-04	5.38933265E-04	5.45317191E-04	4.43039404E-04	4.85089637E-04	5.88315655E-04	8.61001201E-04	7.58098613E-04	6.77985256E-04	5.69846772E-04	6.65322412E-04	6.93865994E-04	6.45737920E-04	5.44148381E-04	5.50750818E-04	4.13943053E-04
173.000000	9.73074857E-05	1.90514373E-04	3.03731562E-04	4.03650076E-04	4.88242425E-04	4.95283050E-04	3.81265854E-04	4.36956732E-04	5.09285310E-04	7.71573279E-04	6.66417356E-04	5.66216302E-04	4.86868928E-04	5.92413067E-04	6.08884729E-04	5.69921744E-04	5.07419347E-04	4.51067404E-04	3.49422160E-04
174.000000	7.33643174E-05	1.43506477E-04	2.66731367E-04	3.51180061E-04	4.13487171E-04	4.33476118E-04	3.38579121E-04	3.79704870E-04	4.34762769E-04	6.50045578E-04	5.75537735E-04	4.77857102E-04	4.17049683E-04	5.04862866E-04	5.33378683E-04	4.75501554E-04	4.48632985E-04	3.60654551E-04	2.89453368E-04
175.000000	4.37423223E-05	9.69951507E-05	2.20785136E-04	2.97180057E-04	3.50992865E-04	3.70473543E-04	2.97866907E-04	3.18786624E-04	3.40098981E-04	5.63955284E-04	5.07603458E-04	4.18984157E-04	3.53318756E-04	4.05423169E-04	4.54319379E-04	4.12788184E-04	3.84856219E-04	3.18189443E-04	2.17411638E-04
176.000000	4.34353606E-05	7.48153761E-05	1.73362365E-04	2.33280050E-04	3.02864035E-04	2.81810062E-04	2.27255136E-04	2.54954095E-04	2.78332562E-04	4.30353335E-04	4.00992692E-04	3.50049988E-04	2.73974234E-04	3.46859859E-04	3.71213391E-04	3.24769382E-04	3.03513429E-04	2.59276538E-04	1.68922008E-04
177.000000	2.45570936E-05	6.86911080E-05	1.31411449E-04	1.63530029E-04	2.28017263E-04	2.23222276E-04	1.69524632E-04	1.97796238E-04	2.15607040E-04	3.36704368E-04	3.18930455E-04	2.87989329E-04	2.07002755E-04	2.57246196E-04	2.77842511E-04	2.38751003E-04	2.40135909E-04	2.05347809E-04	1.30526154E-04
178.000000	1.61155931E-05	4.78354923E-05	9.90145782E-05	1.23930018E-04	1.64973972E-04	1.78982504E-04	1.14708841E-04	1.38946227E-04	1.43482263E-04	2.30883001E-04	2.26046846E-04	2.04511278E-04	1.41798853E-04	1.79325565E-04	1.98783237E-04	1.60534284E-04	1.67875565E-04	1.52914348E-04	9.73750793E-05
179.000000	1.45807744E-05	1.83728025E-05	5.54134240E-05	7.42500124E-05	9.29637026E-05	9.47338049E-05	6.92954200E-05	9.08132934E-05	8.91968593E-05	1.47933955E-04	1.36970761E-04	1.09975867E-04	8.91643795E-05	1.08184897E-04	1.24560305E-04	9.05193374E-05	1.09987435E-04	9.34033524E-05	5.46250449E-05
180.000000	6.59971874E-06	7.77947480E-06	1.66761401E-05	2.27700039E-05	3.07439004E-05	2.97077841E-05	2.22836024E-05	2.99890689E-05	2.95404661E-05	4.90822713E-05	4.44879443E-05	3.84517080E-05	3.71190908E-05	3.71425012E-05	3.86906795E-05	3.50074770E-05	3.30361545E-05	3.05031226E-05	1.68229308E-05
181.000000	0.00000000	0.00000000	0.00000000	0.00000000	0.00000000	0.00000000	0.00000000	0.00000000	0.00000000	0.00000000	0.00000000	0.00000000	0.00000000	0.00000000	0.00000000	0.00000000	0.00000000	0.00000000	0.00000000
182.000000	0.00000000	0.00000000	0.00000000	0.00000000	0.00000000	0.00000000	0.00000000	0.00000000	0.00000000	0.00000000	0.00000000	0.00000000	0.00000000	0.00000000	0.00000000	0.00000000	0.00000000	0.00000000	0.00000000
183.000000	0.00000000	0.00000000	0.00000000	0.00000000	0.00000000	0.00000000	0.00000000	0.00000000	0.00000000	0.00000000	0.00000000	0.00000000	0.00000000	0.00000000	0.00000000	0.00000000	0.00000000	0.00000000	0.00000000
184.000000	0.00000000	0.00000000	0.00000000	0.00000000	0.00000000	0.00000000	0.00000000	0.00000000	0.00000000	0.00000000	0.00000000	0.00000000	0.00000000	0.00000000	0.00000000	0.00000000	0.00000000	0.00000000	0.00000000
185.000000	0.00000000	0.00000000	0.00000000	0.00000000	0.00000000	0.00000000	0.00000000	0.00000000	0.00000000	0.00000000	0.00000000	0.00000000	0.00000000	0.00000000	0.00000000	0.00000000	0.00000000	0.00000000	0.00000000
186.000000	0.00000000	0.00000000	0.00000000	0.00000000	0.00000000	0.00000000	0.00000000	0.00000000	0.00000000	0.00000000	0.00000000	0.00000000	0.00000000	0.00000000	0.00000000	0.00000000	0.00000000	0.00000000	0.00000000
187.000000	0.00000000	0.00000000	0.00000000	0.00000000	0.00000000	0.00000000	0.00000000	0.00000000	0.00000000	0.00000000	0.00000000	0.00000000	0.00000000	0.00000000	0.00000000	0.00000000	0.00000000	0.00000000	0.00000000
188.000000	0.00000000	0.00000000	0.00000000	0.00000000	0.00000000	0.00000000	0.00000000	0.00000000	0.00000000	0.00000000	0.00000000	0.00000000	0.00000000	0.00000000	0.00000000	0.00000000	0.00000000	0.00000000	0.00000000
