Sn 1 O 5.77341073406 0.0184105019431 2.07606910732 0.0002394724343 0.00429122857112 8.2784465578e-06
Sn 2 O 2.89292660948 0.0233273313386 2.1303129061 0.00149930975027 0.00921431302371 0.000243478692779
Sn 3 O 1.7692307655 0.0823639577681 2.20531199677 0.00459916604917 0.0180667809021 0.000781672588825
Sn 4 O 2.08367659158 0.165103414997 2.14233847727 0.00244357452807 0.0141466732187 0.000421957536207
Sn 5 O 2.9305551697 0.00544968627745 2.09152619676 0.000971778353916 0.00272057644767 8.53967908855e-06
Sn 6 O 1.9692522414 0.00214183342544 2.1233289749 0.00158503646906 0.00191985498629 8.54446480945e-06
Sn 7 O 2.12100817704 0.0727081502704 2.16700666517 0.00268150890041 0.0175434527291 0.000745172502944
Sn 8 O 2.95035309178 0.00266299526667 2.08232663835 0.000820832918829 0.00194784797191 4.11103191955e-06
Sn 9 O 1.95970253493 0.00356949395917 2.13051556727 0.00213453636545 0.00258884135355 1.68644828702e-05
Sn 10 O 3.73715469445 0.294902849687 2.20239289663 0.00266708048435 0.0281756357405 0.000287366351005
Sn 11 O 2.22220068376 0.116536157633 2.23995283046 0.00459056004068 0.019748648631 0.000720160566061
Sn 12 O 2.91744345798 0.0286034709601 2.12458902827 0.00129469994739 0.0070677729222 0.00010583119301
Sn 13 O 2.89889819195 0.00862350198798 2.11899168246 0.00109851919806 0.00413715760205 1.52159088592e-05
Sn 14 O 1.9417053096 0.155474688855 2.20800818506 0.00516671440741 0.0234774752114 0.000952603253471
Sn 15 O 1.9503691135 0.0234474577409 2.06013179062 0.00209147206346 0.00926201483964 0.000200467169555
Sn 16 O 2.88929274992 0.0197036570488 2.11708874676 0.00115469736949 0.00675577392981 0.000126582777283
Sn 17 O 2.92806310838 0.0052576238604 2.07514123593 0.000814657836143 0.00274096364964 7.32653410815e-06
Sn 18 O 2.73477413857 0.0729964714734 2.12260132267 0.00146518614129 0.0125615903174 0.000211206137365
Sn 19 O 2.87125384018 0.0220382381717 2.14905057668 0.00177156865732 0.00596153608114 6.88278702517e-05
Sn 20 O 2.81289937549 0.063412429603 2.20828935473 0.00253903281457 0.0111979281408 0.000192359800145
Sn 21 O 3.04166428911 0.0974542545351 2.18347618353 0.00210200143872 0.0246575580228 0.000532112086903
Sn 22 O 2.80301826876 0.0470595839951 2.14106464257 0.00145331904015 0.0117063419697 0.00018154322581
Sn 23 O 2.85890199478 0.0787223928082 2.14880975467 0.00216580538068 0.00994171020823 0.000143687738558
Sn 24 O 1.93673210358 0.0361520960132 2.17826254241 0.00257301191098 0.0138033321623 0.000486161455775
Sn 25 O 3.38921895315 0.0890092095116 2.11858551457 0.00124654325015 0.020301745218 0.000191570915246
Sn 26 O 2.88849310777 0.110839696297 2.15125387592 0.00201675854507 0.0158105029447 0.000377831722854
Sn 27 O 3.59061088737 0.0569860244939 2.12049441798 0.000921570219075 0.0148798742317 0.000132030864393
Sn 28 O 5.76137953097 0.0282771078932 2.09375205348 0.000413108594529 0.00474710707248 1.40652805817e-05
Sn 29 O 1.40660998996 0.185903610201 2.14161445563 0.00628803283573 0.0154976450895 0.00105145559332
Sn 30 O 3.00485848015 0.241156849352 2.20055066144 0.00309682095986 0.0348804739504 0.000397351902097
Sn 31 O 2.94101549373 0.00337321189967 2.07551357861 0.000682343713912 0.00227093564708 4.81880353594e-06
Sn 32 O 2.89169612302 0.0150447413988 2.14672095 0.00129887774747 0.00486197607928 4.04047577806e-05
Sn 33 O 2.11571793504 0.15461225269 2.20234321388 0.00319310561234 0.00719674679374 0.000168582173546
Sn 34 O 2.5966411036 0.198972629335 2.13018434228 0.00170104876248 0.00471597454621 8.25921540452e-05
Sn 35 O 2.8987073974 0.0223438658461 2.1376427254 0.00165293975852 0.00666518547612 0.000104042249088
Sn 36 O 2.90654673626 0.0129138304671 2.12744526186 0.00153514539957 0.00625798351396 0.000126460905735
Sn 37 O 2.80208386959 0.0258492407922 2.10452563433 0.00140427273464 0.00806341694027 5.09006765526e-05
Sn 38 O 2.36482265562 0.132593265745 2.12338268864 0.00208584173903 0.0198793278616 0.000505940388079
Sn 39 O 2.8525751065 0.0170933446674 2.1319445652 0.000997668933094 0.0063993615832 4.40274759267e-05
Sn 40 O 2.82518353507 0.0344978932447 2.14297590001 0.00119517359471 0.0090098367194 0.000142301272768
Sn 41 O 2.9361629521 0.0663283559173 2.15715464267 0.0017444164269 0.0147868456625 0.000375148098854
Sn 42 O 2.80934673878 0.026768290689 2.14502023128 0.00135269960725 0.00921293397477 8.99107016122e-05
Sn 43 O 3.15482817827 0.132567167397 2.16244403333 0.00184889499619 0.0252744587824 0.000317209867321
Sn 44 O 2.89947027614 0.00934287366056 2.11075047002 0.00101351771687 0.00404162193929 1.83498019258e-05
Sn 45 O 2.35664245939 0.161665850763 2.17136545575 0.00423454177339 0.034489475445 0.000789923638398
Sn 46 O 2.89018292649 0.0153461358596 2.10750218981 0.000892571702908 0.00454534462126 3.17340333864e-05
Sn 47 O 2.79509397814 0.0684639985028 2.17073569619 0.00160453972612 0.0150740527267 0.000339267196655
Sn 48 O 2.53618854655 0.0937001217084 2.15686017561 0.00244740813424 0.0214463675277 0.000362362321359
Sn 49 O 2.94666526787 0.0107717572989 2.10558531919 0.00142007701835 0.00470696466162 8.58444706537e-05
Sn 50 O 3.28576699741 0.152178068505 2.20723589131 0.0024599966943 0.0214798609013 0.000300131060938
Sn 51 O 2.88141898872 0.0151276407385 2.13483867538 0.00116680658253 0.00495543884254 3.06034264374e-05
Sn 52 O 2.93795984093 0.00461429871757 2.10841825762 0.000937004777074 0.0024673009661 7.49605392188e-06
Sn 53 O 2.91674855949 0.00801116159175 2.13873498151 0.000943354949496 0.00349576044212 1.67742886233e-05
Sn 54 O 2.78999054603 0.0861144620776 2.09945136432 0.00166614890185 0.0158350978493 0.000232184747932
Sn 55 O 2.86898151584 0.0175154235275 2.11667033105 0.00112762643002 0.00637683794925 6.69255784856e-05
Sn 56 O 2.6969810183 0.0859405066255 2.09873458253 0.0016475356292 0.0154225538871 0.000323142441447
Sn 57 O 3.4130758021 0.083890852937 2.13844187964 0.00115253343305 0.0217348919836 0.000194949037297
Sn 58 O 2.96778262739 0.0949856384135 2.17299315892 0.00223055637463 0.0107366356915 0.000202367595715
Sn 59 O 2.96476777192 0.0406322589357 2.0955401134 0.00113705379265 0.0126517900215 0.000264474456674
Sn 60 O 3.49022184087 0.0937656287502 2.17647603823 0.00172655672421 0.0200990119741 0.000209363338436
Sn 61 O 3.03478367639 0.18121170676 2.14493093022 0.00287963885416 0.0270266033289 0.000341943493445
Sn 62 O 4.13586178304 0.225920345334 2.17629502496 0.00166240141636 0.0219080752527 0.000212716200492
Sr 63 O 5.22318292552 0.380644554111 2.52285597692 0.00194004641707 0.041039036619 0.000325505752775
Sr 64 O 5.29873818422 0.200802335865 2.48757700236 0.00150556504242 0.0193696573494 0.000170194967968
Sr 65 O 5.50142589949 0.518571190052 2.59092654956 0.00294699095234 0.0342567416346 0.000317763480427
Sr 66 O 4.72499967049 0.0889979683598 2.46847740424 0.00165291582395 0.0170723252124 0.000202187809943
Sr 67 O 5.44499667731 0.106451177152 2.50156646222 0.0013020710888 0.0163386678629 0.000135395511738
Sr 68 O 6.70388822491 0.361913172101 2.53118029313 0.00116842929202 0.0244521622175 0.000193916963556
Sr 69 O 6.0549301159 0.546212607757 2.55259423948 0.00256062343961 0.0366582333698 0.000269886699886
