0.0625		0	0	0	0	0	0	0	0	0	0	0
0.125		0	0	0	0	0	0	0	0	0	0	0
0.1875		0	0	0	0	0	0	0	0	0	0	0
0.25		0	0	0	0	0	0	0	0	0	0	0
0.3125		0	0	0	0	0	0	0	0	0	0	0
0.375		0	0	0	0	0	0	0	0	0	0	0
0.4375		0	0	0	0	0	0	0	0	0	0	0
0.5		0	0	0	0	0	0	0	0	0	0	0
0.5625		0	0	0	0	0	0	0	0	0	0	0
0.625		0	0	0	0	0	0	0	0	0	0	0
0.6875		0	0	0	0	0	0	0	0	0	0	0
0.75		0	0	0	0	0	0	0	0	0	0	0
0.8125		0	0	0	0	0	0	0	0	0	0	0
0.875		0	0	0	0	0	0	0	0	0	0	0
0.9375		0	0	0	0	0	0	0	0	0	0	0
1		0	0	0	0	0	0	0	0	0	0	0
1.0625		0	0	0	0	0	0	0	0	0	0	0
1.125		0	0	0	0	0	0	0	0	0	0	0
1.1875		0	0	0	0	0	0	0	0	0	0	0
1.25		0	0	0	0	0	0	0	0	0	0	0
1.3125		0	0	0	0	0	0	0	0	0	0	0
1.375		0	0	0	0	0	0	0	0	0	0	0
1.4375		0	0	0	0	0	0	0	0	0	0	0
1.5		0	0	0	0	0	0	0	0	0	0	0
1.5625		0	0	0	0	0	0	0	0	0	0	0
1.625		0	0	0	0	0	0	0	0	0	0	0
1.6875		0	0	0	0	0.00015	0	0	0	0.00015	0.0007	0.00185
1.75		0.0014	0.0061	0.0074	0.01095	0.0139	0.01655	0.0141	0.02365	0.0311	0.06345	0.1074
1.8125		0.0978	0.1901	0.3306	0.34955	0.44045	0.48045	0.5575	0.64755	0.6773	0.80775	0.94195
1.875		0.7061	1.0883	1.5451	1.7363	2.0127	2.23905	2.50625	2.6946	3.05545	3.44315	3.8607
1.9375		1.8351	2.2946	2.5466	2.8012	2.98205	3.18995	3.28845	3.51595	3.6089	3.91075	4.32985
2		2.5652	2.6993	2.8135	2.8689	3.0099	3.041	3.09645	3.15455	3.1222	3.39185	3.53805
2.0625		2.4835	2.2906	2.3274	2.3569	2.3745	2.3591	2.41005	2.378	2.40775	2.6006	2.67075
2.125		1.9158	1.7741	1.7838	1.8163	1.77195	1.85185	1.8271	1.8761	1.9184	2.0502	2.16905
2.1875		1.3529	1.3648	1.3934	1.3634	1.31885	1.3914	1.4222	1.42525	1.5529	1.58765	1.7257
2.25		0.9091	0.9303	0.9643	0.96775	0.91115	0.95395	0.9825	1.0103	1.06265	1.05695	1.1127
2.3125		0.7019	0.6718	0.6103	0.62395	0.5935	0.57755	0.5986	0.6351	0.62905	0.6329	0.62435
2.375		0.7169	0.5609	0.4827	0.44025	0.41495	0.3727	0.38305	0.3927	0.3814	0.38065	0.356
2.4375		0.8826	0.621	0.4992	0.43405	0.38475	0.3598	0.3644	0.3504	0.35795	0.32425	0.3133
2.5		1.0934	0.7792	0.6213	0.5453	0.48135	0.4554	0.4481	0.454	0.4436	0.40825	0.4079
2.5625		1.2203	0.9913	0.7746	0.6978	0.6364	0.6077	0.5716	0.5689	0.54705	0.53655	0.5275
2.625		1.3262	1.1584	0.9154	0.87885	0.81655	0.7826	0.7433	0.7148	0.6997	0.6992	0.7005
2.6875		1.3964	1.2884	1.1086	1.105	1.04615	1.0296	1.00725	0.9366	0.95245	0.966	0.9714
2.75		1.3769	1.351	1.3063	1.32125	1.2943	1.285	1.271	1.22595	1.20365	1.25115	1.24425
2.8125		1.2876	1.404	1.4185	1.4624	1.45725	1.4474	1.43935	1.41175	1.3938	1.45335	1.4526
2.875		1.1735	1.3713	1.4149	1.4423	1.4641	1.4656	1.4822	1.45755	1.4699	1.52805	1.54665
2.9375		1.0158	1.2241	1.324	1.3321	1.36185	1.36775	1.3854	1.40785	1.44725	1.49815	1.57525
3		0.9118	1.0952	1.1629	1.176	1.20585	1.22795	1.26465	1.3017	1.33985	1.43525	1.567
3.0625		0.8422	0.9639	1.0077	1.02915	1.04625	1.06265	1.1225	1.1572	1.20495	1.32535	1.45845
3.125		0.7887	0.8432	0.8888	0.9044	0.9303	0.9394	0.97835	1.03015	1.0622	1.1688	1.2903
3.1875		0.7928	0.7942	0.8185	0.8264	0.84615	0.8512	0.8725	0.90565	0.9327	1.0149	1.10125
3.25		0.8025	0.7593	0.7748	0.76985	0.7612	0.76675	0.79705	0.826	0.83835	0.8683	0.94
3.3125		0.7997	0.7505	0.744	0.7346	0.72565	0.7119	0.72065	0.74245	0.75825	0.75655	0.78375
3.375		0.8207	0.7617	0.7247	0.7029	0.6914	0.67585	0.6661	0.68635	0.68485	0.67205	0.6742
3.4375		0.8381	0.7532	0.7093	0.6766	0.67755	0.64775	0.62635	0.63675	0.65065	0.62195	0.60285
3.5		0.8462	0.7819	0.7415	0.709	0.6969	0.6631	0.64675	0.6108	0.6338	0.6282	0.5986
3.5625		0.8785	0.8267	0.7993	0.75845	0.7234	0.70835	0.71145	0.66945	0.6768	0.67635	0.6496
3.625		0.9089	0.8837	0.8697	0.83465	0.8034	0.7872	0.78975	0.74485	0.74545	0.7501	0.7327
3.6875		0.9639	0.9393	0.9604	0.9315	0.8955	0.8794	0.865	0.8587	0.846	0.8479	0.8296
3.75		1.029	1.003	1.0239	1.0302	1.02505	0.98045	0.9707	0.9517	0.95975	0.9475	0.96355
3.8125		1.0963	1.0934	1.0936	1.0961	1.1084	1.06375	1.0784	1.0611	1.0513	1.0558	1.08095
3.875		1.1432	1.1539	1.1229	1.1452	1.1432	1.13395	1.12505	1.10095	1.08465	1.09725	1.1294
3.9375		1.1682	1.1851	1.1726	1.16255	1.14255	1.14305	1.10825	1.0822	1.09485	1.0781	1.11115
4		1.1332	1.168	1.1385	1.1377	1.1245	1.1011	1.0668	1.0643	1.06255	1.0337	1.0239
4.0625		1.0316	1.0712	1.0888	1.07805	1.03905	1.03615	0.99615	1.0101	1.0104	0.96175	0.9679
4.125		0.9436	0.9674	1.0199	0.98685	0.9534	0.9504	0.9279	0.9426	0.9348	0.90115	0.92375
4.1875		0.8969	0.9124	0.9448	0.9276	0.90055	0.9238	0.88055	0.9031	0.88165	0.88675	0.86285
4.25		0.8939	0.9161	0.9168	0.8866	0.88515	0.9127	0.868	0.89705	0.8786	0.868	0.86325
4.3125		0.9378	0.9108	0.9341	0.8998	0.9117	0.924	0.89735	0.9291	0.91865	0.88505	0.8964
4.375		0.9652	0.9368	0.9537	0.9337	0.94725	0.9607	0.93535	0.97625	0.96815	0.93655	0.95265
4.4375		0.9736	0.9848	0.9624	0.97155	0.9976	1.0048	0.9902	1.0089	1.00205	0.9755	0.9854
4.5		1.0129	1.0141	0.9974	0.9977	1.0254	1.04455	1.01225	1.0389	1.0358	1.0232	1.03055
4.5625		1.0239	1.0138	1.0144	1.03765	1.03125	1.0623	1.06615	1.0561	1.06575	1.05065	1.05745
4.625		1.0347	1.0403	1.0418	1.0588	1.0516	1.0869	1.0854	1.069	1.08415	1.07665	1.08055
4.6875		1.0302	1.0492	1.0416	1.0704	1.06155	1.08885	1.1	1.08295	1.07665	1.09505	1.0981
4.75		1.0416	1.0416	1.0558	1.08145	1.05145	1.0779	1.0947	1.07575	1.08095	1.10495	1.1052
4.8125		1.0516	1.0386	1.056	1.0594	1.0583	1.0642	1.07755	1.0658	1.0727	1.10865	1.09995
4.875		1.0445	1.023	1.0496	1.05235	1.04875	1.0629	1.06765	1.04705	1.07315	1.10705	1.0907
4.9375		1.0555	1.0256	1.0356	1.0389	1.0393	1.0443	1.0545	1.04905	1.05715	1.08435	1.0914
5		1.0399	1.0308	1.0254	1.01895	1.02535	1.0311	1.04835	1.03865	1.05385	1.06415	1.0774
5.0625		1.0361	1.0463	1.003	1.0161	1.03045	1.02975	1.03425	1.0241	1.0452	1.0488	1.06015
5.125		1.0342	1.0339	1.0301	1.02565	1.0228	1.0179	1.02905	1.0136	1.0251	1.0308	1.05415
5.1875		1.0475	1.0293	1.0306	1.0344	1.0303	1.02545	1.00905	1.0126	1.03585	1.01215	1.03885
5.25		1.0396	1.0374	1.0518	1.04225	1.0495	1.01765	1.01965	1.0203	1.0225	1.0164	1.01775
5.3125		1.0494	1.0363	1.0303	1.0416	1.0521	1.0181	1.0258	1.02525	1.0292	1.0196	1.0154
5.375		1.0439	1.0436	1.043	1.0399	1.053	1.0297	1.02395	1.02815	1.04195	1.0266	1.03855
5.4375		1.0356	1.0421	1.0413	1.03405	1.06105	1.0607	1.04625	1.0318	1.04905	1.04665	1.03845
5.5		1.0065	1.0432	1.0536	1.0331	1.0503	1.0568	1.05795	1.043	1.04955	1.03985	1.03765
5.5625		1.0018	1.0306	1.0585	1.04875	1.0535	1.06615	1.0642	1.06665	1.0524	1.0422	1.033
5.625		0.9909	1.0234	1.0344	1.04225	1.04255	1.0652	1.05825	1.0551	1.03875	1.0441	1.0299
5.6875		0.9648	1.0078	1.0332	1.0325	1.0445	1.0589	1.0541	1.04845	1.0324	1.05375	1.0334
5.75		0.9439	0.9901	1.0181	1.0287	1.033	1.03725	1.0285	1.03155	1.03155	1.0439	1.02575
5.8125		0.9512	0.958	0.9995	1.00885	1.01145	1.01715	0.9994	1.014	1.0205	1.0184	1.01495
5.875		0.9364	0.9502	0.9734	0.9839	0.98195	0.9974	0.97665	0.9822	0.98435	0.99155	0.98985
5.9375		0.932	0.9251	0.9529	0.94875	0.9515	0.9687	0.95405	0.9577	0.985	0.9737	0.9711
6		0.939	0.9232	0.9352	0.9289	0.9297	0.95245	0.93265	0.9434	0.9557	0.9567	0.9513
6.0625		0.9382	0.9232	0.9158	0.91565	0.9243	0.9376	0.91705	0.92015	0.941	0.9427	0.9386
6.125		0.9474	0.9375	0.912	0.9113	0.898	0.92215	0.91565	0.91595	0.92625	0.91895	0.9262
6.1875		0.9392	0.9462	0.9169	0.9239	0.9011	0.9153	0.9105	0.92445	0.92905	0.9142	0.921
6.25		0.9562	0.9537	0.9454	0.9344	0.91715	0.93195	0.9199	0.9254	0.9243	0.9222	0.91
6.3125		0.9652	0.9467	0.9416	0.9404	0.9262	0.93215	0.93695	0.9345	0.92715	0.91345	0.91665
6.375		0.9814	0.9596	0.933	0.9419	0.93215	0.948	0.95265	0.94445	0.9334	0.9336	0.92115
6.4375		0.9768	0.9753	0.9541	0.9549	0.95075	0.95565	0.9579	0.9569	0.9427	0.94575	0.9239
6.5		0.9828	0.989	0.9719	0.95905	0.969	0.96645	0.97475	0.96775	0.95145	0.94355	0.9246
6.5625		0.9814	0.9796	0.9779	0.96985	0.98985	0.968	0.9809	0.96655	0.9713	0.9492	0.9264
6.625		0.9909	0.9909	0.9798	0.987	1.00025	0.9763	0.992	0.9782	0.9728	0.95555	0.93375
6.6875		0.9828	0.997	0.9805	0.99095	0.99705	0.97665	0.9969	0.9744	0.97425	0.9636	0.94535
6.75		0.9854	0.9899	0.968	0.98815	1	0.9768	0.9983	0.98365	0.96625	0.9606	0.9464
6.8125		1	0.9971	0.9851	0.9854	1.0025	0.9807	0.9945	0.9851	0.9702	0.9668	0.95955
6.875		1.0142	0.9911	0.994	0.97475	0.99895	0.9862	0.994	0.9906	0.97725	0.9654	0.96565
6.9375		1.0193	1.0045	0.991	0.9836	0.9942	0.9818	0.9975	0.9921	0.9819	0.9736	0.97215
7		1.0247	1.0057	0.9889	0.9845	0.99495	0.98515	1.0006	0.99755	0.99105	0.9788	0.97525
7.0625		1.0368	1.0074	0.9936	0.9888	0.99255	0.98985	1.0055	1.0001	0.9955	0.9847	0.97455
7.125		1.0341	1.0038	0.9986	1.0006	1.0013	1.0006	1.00745	1.00175	1.00335	0.99245	0.98055
7.1875		1.0338	0.9993	0.9996	1.00865	1.00165	1.001	1.0087	0.99985	1.00855	0.99425	0.9774
7.25		1.049	1.0083	0.9973	1.0187	1.0076	1.005	1.00195	0.99515	1.0011	0.99615	0.9887
7.3125		1.0534	1.0155	1.0164	1.03325	1.0146	1.0036	1.0019	0.9982	1.00425	0.9945	0.991
7.375		1.0465	1.0336	1.0279	1.0344	1.01765	1.00895	0.99655	1.0007	0.9977	0.9962	1.00685
7.4375		1.0518	1.0316	1.0254	1.0389	1.019	1.0135	1.00855	1.0055	1.00085	0.99935	1.014
7.5		1.0438	1.0327	1.0397	1.028	1.0181	1.01695	1.01555	1.0103	1.0038	1.0094	1.00465
7.5625		1.0335	1.0245	1.0403	1.0269	1.0163	1.0247	1.01555	1.00655	0.9942	1.00325	1.01075
7.625		1.0237	1.0283	1.0423	1.02705	1.0087	1.0284	1.01405	0.9979	0.9956	0.99945	1.00525
7.6875		1.0191	1.0336	1.0357	1.0127	1.01195	1.02635	1.01165	0.9954	1.0022	1.00275	1.0091
7.75		1.0104	1.0439	1.02	1.0174	1.0171	1.0238	0.99955	1.00335	1.0037	1.00785	1.01
7.8125		1.0067	1.0415	1.0238	1.02205	1.0201	1.0193	0.999	1.0112	0.9972	1.00725	1.017
7.875		0.9982	1.0382	1.0282	1.01825	1.01925	1.00705	1.00275	1.01515	0.99525	1.01565	1.0141
7.9375		0.9974	1.0292	1.0268	1.01715	1.0169	1.01745	1.0095	1.01875	0.99125	0.9943	1.01595
8		0.9891	1.0218	1.0194	1.014	1.0223	1.0142	1.00375	1.01665	0.99745	0.9948	1.0083
8.0625		0.9847	1.0214	1.0201	1.004	1.01565	1.00485	1.0045	1.0161	1.00335	0.99235	1.01025
8.125		0.9849	1.0115	1.0213	0.9975	1.016	1.0002	1.0172	1.00715	1.0077	0.99885	1.0019
8.1875		0.9901	1.0025	1.013	1.0003	1.01195	0.99725	1.0208	1.0043	1.00895	0.99565	0.99265
8.25		0.9819	0.998	1.0035	0.99805	1.01325	1.0014	1.01525	1.00225	1.0077	0.99595	0.9917
8.3125		0.9817	0.991	1.0049	0.99635	1.0141	0.99425	1.01125	1.0078	1.0006	0.9949	0.9918
8.375		0.9803	0.9818	0.992	0.9965	1.0088	0.9882	1.00715	0.99995	0.99995	0.98345	0.9901
8.4375		0.9745	0.9712	0.9765	1.0037	1.0096	0.9944	0.99875	1.00415	1.0081	0.9849	0.98285
8.5		0.9728	0.9761	0.9742	0.9999	0.99525	0.9929	1.00275	0.99925	0.9925	0.9752	0.98175
8.5625		0.9706	0.9691	0.9724	0.9929	0.98525	0.9961	0.9963	1.00235	0.9904	0.9745	0.98295
8.625		0.9789	0.9692	0.9716	0.9892	0.9874	0.99005	0.99075	0.998	0.9983	0.97755	0.97435
8.6875		0.9894	0.9772	0.9792	0.9884	0.98565	0.99195	0.9851	0.9972	0.98765	0.9775	0.9709
8.75		0.9872	0.9835	0.9726	0.97955	0.98825	0.9931	0.98165	0.99035	0.97865	0.97535	0.9781
8.8125		0.9877	0.9822	0.9824	0.9778	0.9851	0.9874	0.9859	0.9887	0.98315	0.9807	0.9807
8.875		0.982	0.9853	0.9844	0.97595	0.98695	0.98945	0.99045	0.98575	0.9814	0.9805	0.98225
8.9375		0.9816	0.9811	0.9856	0.97325	0.99845	0.99545	0.9952	0.9818	0.9824	0.9806	0.98455
9		0.9894	0.9797	0.9839	0.98175	1.0001	0.9906	0.9952	0.9811	0.9814	0.97145	0.9686
9.0625		0.9773	0.9768	0.9889	0.9903	0.99255	0.9917	0.99785	0.9939	0.9812	0.973	0.9692
9.125		0.979	0.9852	0.988	0.99275	0.9897	0.97905	0.99945	0.9948	0.9795	0.9786	0.9674
9.1875		0.9871	0.9887	0.9988	1.00005	0.9925	0.9861	0.9894	0.9908	0.99215	0.9813	0.9688
9.25		0.9887	0.9926	0.9976	1.00325	0.98735	0.99485	0.98615	0.98545	0.99085	0.9857	0.97455
9.3125		0.9919	0.9881	1.0035	1.0106	0.99455	1.00205	0.98825	0.98845	0.98475	0.9888	0.9741
9.375		0.9976	0.9847	1.002	1.0064	1.003	1.00385	0.98645	0.99295	0.98985	0.98745	0.98595
9.4375		1.0022	0.9943	0.9994	1.00645	1.0022	1.0051	0.98545	0.9963	0.9921	0.9823	0.9879
9.5		1.0057	1.0055	0.9994	1.0051	1.0048	1.00455	0.9933	0.99065	0.9985	0.99075	0.99535
9.5625		1.0049	1.0036	0.9944	0.99785	1.00815	1.00085	0.9965	0.9943	1.00215	0.9922	0.9912
9.625		1.007	1.0108	0.9981	0.9935	1.0045	1.0017	0.9938	0.99275	1.00165	0.99175	0.98735
9.6875		1.0148	1.0087	0.9932	0.99015	1.0021	0.9997	1.0003	0.99425	0.99435	1.00905	0.99105
9.75		1.0137	1.008	0.9959	0.9923	0.9987	0.9974	0.99945	0.99785	1.00325	1.0065	0.99675
9.8125		1.0071	1.0129	0.9975	0.9942	0.99515	0.99245	0.9988	1.0069	1.00305	1.00445	0.99695
9.875		1.0115	1.0113	0.9964	0.9925	0.9944	0.9956	0.99975	1.0095	1.0089	1.00345	0.9949
9.9375		1.0137	1.0031	0.9889	0.9937	0.99685	0.9973	1.00115	1.00805	1.0087	1.00425	0.99615
10		1.0212	1.0108	0.9919	0.9922	0.98965	0.99865	1.00435	1.0061	1.01235	1.00355	0.9928
10.0625		1.0245	1.0097	0.9946	0.992	0.9896	0.9987	1.0046	1.01215	1.01545	1.00765	0.98785
10.125		1.0317	1.0068	0.9997	0.9956	0.98695	0.9996	1.0023	1.011	1.0177	1.0155	0.99255
10.1875		1.0237	1.0022	1.0051	1.00655	0.99265	0.99555	1.00195	1.0089	1.0114	1.0197	0.99835
10.25		1.0227	1.0084	1.0034	1.0133	0.98885	0.99405	0.99685	1.004	1.0082	1.0092	1.0007
10.3125		1.0214	1.0076	1.0099	1.0165	0.9975	0.9947	0.9967	0.997	1.01075	1.01245	1.00465
10.375		1.0198	1.011	1.0156	1.01	1.00095	0.99475	0.9907	0.9965	1.0113	1.0086	0.9982
10.4375		1.0153	1.0215	1.0037	1.00425	0.99735	1.00015	0.99125	0.9985	1.0058	1.0062	0.991
10.5		1.0079	1.0223	1.0109	1.0038	0.9942	1.00645	0.99325	1.00185	0.9984	0.99805	0.9921
10.5625		0.9997	1.0142	0.9992	0.99795	0.9929	1.00115	0.99655	0.99655	0.99765	0.9968	0.99155
10.625		0.9938	1.0075	0.999	0.9997	0.99615	1.0056	0.9965	0.9913	0.9897	0.99815	1
10.6875		0.9913	1.003	1.0046	0.99815	0.9988	1.007	0.9944	0.9836	1.0009	1.0037	0.9948
10.75		0.9931	1.004	1.0104	0.99885	0.99715	0.9988	0.99605	0.98345	1.00035	1.0057	0.99265
10.8125		0.9914	1.0067	1.0091	0.99705	0.99485	0.99195	0.99535	0.9929	1.00515	1.00135	0.99055
10.875		0.9928	1.0037	1.0165	0.99125	0.99375	0.98655	1.0013	0.9951	1.0031	0.99795	0.99845
10.9375		0.9886	0.993	1.0226	0.9934	0.9895	0.9828	0.99925	0.99935	1.0023	0.9948	0.99695
11		0.9888	0.9886	1.0171	1.0039	0.9848	0.98125	0.9942	1.0023	0.99515	0.98925	0.9924
11.0625		0.9811	0.9827	1.0123	1.0096	0.9838	0.98355	0.9977	1.00555	0.9912	0.9959	0.9964
11.125		0.9762	0.9839	0.9963	1.01495	0.987	0.98415	0.99655	1.0055	0.99525	0.99025	0.99615
11.1875		0.9745	0.9875	1.0016	1.0136	0.9979	0.9844	0.99475	1.0008	0.98985	0.98495	0.99555
11.25		0.9699	0.9848	1.01	1.01245	1.0063	0.98295	0.99575	0.99515	0.9868	0.98655	0.99705
11.3125		0.9718	0.9797	0.9993	1.00635	1.00325	0.98965	0.9884	0.99085	0.98305	0.9876	0.99515
11.375		0.9686	0.9828	0.994	1.00715	1.00895	0.99505	0.9893	0.9837	0.98705	0.98965	0.98595
11.4375		0.965	0.9879	0.9888	1.0022	1.00795	1.0007	0.98635	0.98545	0.98805	0.98945	0.98455
11.5		0.965	0.9746	0.9877	0.99265	1.00475	1.0082	0.99365	0.9838	0.99285	0.99215	0.97915
11.5625		0.9675	0.9713	0.9918	0.9926	1.0025	1.0049	0.99175	0.98865	0.9862	0.9961	0.9776
11.625		0.9691	0.9724	0.9838	0.99385	1.00425	1.0057	0.995	0.9904	0.9818	0.9992	0.97825
11.6875		0.9642	0.9695	0.9872	0.99185	1.01045	1.00425	0.9978	0.9876	0.97855	0.9987	0.9818
11.75		0.9665	0.9731	0.9825	0.99575	1.00485	1.00355	1.0072	0.9951	0.98455	0.99825	0.9865
11.8125		0.9716	0.9732	0.987	0.99795	1.00295	1.00705	1.00635	0.9966	0.98445	0.98835	0.9846
11.875		0.97	0.9722	0.9944	0.9953	0.99515	1.00585	1.0053	1.00035	0.9783	0.9819	0.98265
11.9375		0.9738	0.9764	0.9847	0.99295	0.9936	1.00095	1.0037	1.00455	0.98455	0.9898	0.97875
12		0.9757	0.9798	0.9834	0.98975	0.9897	1.0016	1.00335	1.00545	0.996	0.9859	0.9793
12.0625		0.9846	0.982	0.9788	0.99065	0.99155	0.99925	0.9995	1.0014	0.99865	0.9799	0.9822
12.125		0.9877	0.9844	0.9703	0.9839	0.9879	0.997	0.99825	0.99965	1.0059	0.98735	0.9816
12.1875		0.9874	0.9805	0.9694	0.98995	0.99325	0.9966	0.9967	1.00205	1.0094	0.98805	0.99165
12.25		0.9808	0.9808	0.9682	0.98385	0.98845	0.99515	0.996	0.9995	1.0069	0.98625	0.99855
12.3125		0.9788	0.978	0.9684	0.98215	0.9875	0.99215	0.99825	1.002	1.0006	0.99195	1.0013
12.375		0.9831	0.9826	0.968	0.97765	0.98725	0.99395	1.0014	1.00315	1.0009	0.9984	0.99955
12.4375		0.9873	0.9841	0.9726	0.98025	0.98545	0.9987	0.99985	1.0049	0.9985	0.99755	1.0002
12.5		0.989	0.977	0.9703	0.9752	0.98425	0.9918	0.997	0.998	1.00245	1.0014	0.9945
12.5625		0.986	0.9712	0.9657	0.9733	0.9844	0.98975	0.9928	1.0011	1.00445	1.00975	0.9945
12.625		0.9801	0.9745	0.9743	0.9748	0.98255	0.982	0.9927	0.99605	1.0108	1.00505	0.99425
12.6875		0.9793	0.9837	0.9811	0.969	0.9804	0.9813	0.9917	1.00065	1.0051	1.00685	0.9956
12.75		0.9831	0.9848	0.9843	0.97275	0.9768	0.97855	0.98605	0.9969	1.00385	1.00605	0.99145
12.8125		0.9868	0.9858	0.9844	0.97335	0.9769	0.97605	0.99125	0.9971	0.9983	1.0075	0.9973
12.875		0.9858	0.9903	0.9842	0.97525	0.97855	0.9757	0.99155	0.99785	0.99335	1.00925	1.0027
12.9375		0.9908	0.9954	0.9816	0.979	0.9787	0.98235	0.9839	0.994	0.98765	1.00925	1.0083
13		0.9985	0.988	0.9847	0.9798	0.9766	0.9849	0.98145	0.9938	0.99015	1.00505	1.0123
13.0625		0.9934	0.9843	0.9867	0.98095	0.97755	0.9797	0.98135	0.9925	0.98935	1.00035	1.0155
13.125		0.9946	0.9869	0.9886	0.9744	0.97555	0.9792	0.98105	0.9904	0.98785	0.9969	1.0149
13.1875		0.9943	0.9834	0.987	0.9799	0.98105	0.9775	0.98055	0.98945	0.9839	0.99355	1.01465
13.25		0.9979	0.9771	0.9878	0.98125	0.9839	0.9728	0.981	0.98705	0.98845	0.995	1.0173
13.3125		0.9951	0.9787	0.9856	0.98215	0.98065	0.975	0.97825	0.9855	0.9843	0.99275	1.0029
13.375		0.9982	0.9824	0.9858	0.98465	0.9836	0.9742	0.98005	0.9777	0.9786	0.99425	0.9996
13.4375		0.9963	0.9834	0.9831	0.9845	0.981	0.9735	0.9791	0.9753	0.9755	0.993	1.0018
13.5		0.999	0.9877	0.9779	0.9811	0.98045	0.9787	0.98075	0.97505	0.98145	0.99205	1.00035
13.5625		1.0033	0.9839	0.983	0.98095	0.9753	0.9822	0.97985	0.9732	0.98405	0.9956	0.99805
13.625		1.007	0.9911	0.9879	0.98175	0.9776	0.97675	0.98135	0.9772	0.9831	1.0005	0.9985
13.6875		1.0087	0.9923	0.9897	0.9874	0.9754	0.97935	0.97775	0.9763	0.9815	0.99695	1.0016
13.75		1.0106	0.993	0.9885	0.98615	0.97845	0.9807	0.97845	0.9771	0.9774	0.99265	0.99585
13.8125		1.0072	0.9937	0.9802	0.98605	0.9808	0.9838	0.976	0.9762	0.9783	0.9936	0.99695
13.875		1.0055	0.9981	0.9737	0.98945	0.9792	0.9871	0.97435	0.9722	0.97425	0.98835	0.99935
13.9375		1.0037	1.0068	0.9786	0.9933	0.9786	0.98785	0.97475	0.97575	0.9723	0.99125	0.9943
14		0.9972	1.0067	0.9858	0.99255	0.9802	0.98625	0.97515	0.9716	0.9684	0.98735	0.9902
14.0625		0.99	1.0056	0.9958	0.99145	0.98825	0.98705	0.97425	0.97205	0.97095	0.9772	0.98945
14.125		0.9889	1.0042	1.0025	0.99355	0.98995	0.98335	0.97505	0.97705	0.97425	0.97865	0.9918
14.1875		0.991	1.0067	1.0043	0.9915	0.9942	0.9882	0.97935	0.97995	0.9788	0.97705	0.9933
14.25		0.9946	1.0105	1.0015	0.99355	0.99465	0.9881	0.98345	0.9835	0.98045	0.97675	0.9951
14.3125		0.991	1.0079	1.0051	0.9922	0.9938	0.9913	0.99065	0.98445	0.98645	0.9771	0.98905
14.375		0.992	1.0067	1.0083	0.9895	0.9984	0.9913	0.98825	0.9852	0.9865	0.9789	0.9815
14.4375		0.9937	1.0018	1.0145	0.99085	0.9988	0.9921	0.99145	0.99055	0.98355	0.9832	0.97835
14.5		0.9947	1.0012	1.0129	0.9943	0.99985	0.99365	0.99135	0.9863	0.98595	0.97935	0.98145
14.5625		0.9921	1.0052	1.0152	0.9988	1.0007	0.9933	0.9928	0.9911	0.9841	0.97595	0.98145
14.625		0.996	1.0067	1.0108	1.00485	0.99945	0.99185	0.99205	0.98895	0.986	0.9753	0.9807
14.6875		1.0011	1.0087	1.0015	1.00955	1.00155	0.99345	0.99675	0.99315	0.98965	0.97995	0.9792
14.75		1.0045	1.009	1.0027	1.011	1.00415	0.9965	0.9989	0.9921	0.9882	0.982	0.9849
14.8125		1.0079	1.0014	0.9979	1.00845	1.0056	0.9933	0.99695	0.9923	0.989	0.98245	0.98
14.875		1.0088	1.0052	0.9985	1.0103	1.0098	0.99345	0.99595	0.996	0.98575	0.9821	0.9817
14.9375		1.0099	1.0031	0.9976	1.00265	1.00965	0.9987	1.00105	1.00375	0.98975	0.98505	0.98285
15		1.0138	1.0044	0.999	0.99625	1.0067	1.0016	1.00265	1.0024	0.9913	0.98965	0.9785
15.0625		1.0172	0.9985	0.9963	0.9898	1.0028	1.01125	1.00325	0.99795	0.99475	0.9899	0.98345
15.125		1.013	0.9924	0.999	0.9906	1.0009	1.01335	1.00285	0.99625	0.9994	0.9856	0.98925
15.1875		1.0122	0.9793	1.0003	0.99135	0.99235	1.00765	1.0074	0.99465	0.9984	0.9909	0.98675
15.25		1.008	0.9842	1.0021	0.9947	0.9878	1.0079	1.00915	0.99315	1.0011	0.98885	0.9899
15.3125		1.0075	0.9826	1.0035	0.99285	0.9853	1.0011	1.00525	0.995	1.0036	0.99225	0.9907
15.375		1.0003	0.9815	1.0025	0.99255	0.98615	0.99515	1.0034	0.99695	1.00325	0.99425	0.99025
15.4375		0.9993	0.9829	0.9991	0.99345	0.98775	0.9953	1.00385	0.99955	1.00485	0.9999	0.99095
15.5		0.9976	0.9925	0.9943	0.99465	0.9891	0.9989	1.00585	1.00445	1.00365	0.99965	0.9925
15.5625		0.9921	0.9963	0.9922	0.99655	0.98635	0.998	0.9992	1.00795	1.0061	1.0006	0.9915
15.625		0.9834	1.0023	0.986	0.99925	0.99105	0.99025	0.9943	1.0086	1.0035	1.00425	0.9856
15.6875		0.9834	1.0057	0.9876	0.9978	0.9953	0.98715	0.98785	1.0039	1.00185	1.00455	0.98825
15.75		0.9828	1.0093	0.9812	0.99735	0.9978	0.99375	0.99105	1.0017	1.0001	1.0061	0.9939
15.8125		0.9822	1.0099	0.9838	1.0029	0.997	0.99095	0.98535	0.9984	1.00245	1.0016	0.99655
15.875		0.9875	1.0107	0.983	0.99855	1.0001	0.9916	0.98835	0.9934	1.00245	0.999	0.9954
15.9375		0.9843	1.0072	0.9929	0.99635	1.00485	0.99335	0.98715	0.99235	1.0003	1.00095	0.99445
16		0.9865	1.0038	0.9923	0.99295	1.00105	0.99265	0.99045	0.99375	0.9976	1.00325	0.9928
