Sn 1 O 2.80355277994 0.0320726291528 2.15202419314 0.00151827434122 0.00897697307968 8.55527458211e-05
Sn 2 O 2.92936963059 0.00550915827755 2.10849066144 0.00104944497635 0.00284378719465 9.39814286831e-06
Sn 3 O 2.10853869275 0.137596009751 2.15394108893 0.00224964455255 0.004487628389 4.31499244508e-05
Sn 4 O 3.39230766165 0.111268787325 2.20156938017 0.0017401441936 0.0210521122336 0.000247158867498
Sn 5 O 2.92371013507 0.00733019074617 2.10801237574 0.00104883927846 0.00310170151049 1.45062418338e-05
Sn 6 O 2.74000566804 0.0661147903169 2.16723278652 0.0021959825557 0.0116927182815 0.000224933649181
Sn 7 O 2.96951952234 0.131052533217 2.16646884614 0.00239462672096 0.0169949541902 0.000274407794278
Sn 8 O 2.78715602342 0.0355884080781 2.0957508681 0.00147280120033 0.00896709977899 8.33463417475e-05
Sn 9 O 2.89277884352 0.0160861071142 2.13566778914 0.00101352476557 0.00463980394691 4.12616584987e-05
Sn 10 O 2.90836242769 0.00897350196862 2.1438363324 0.00104911884202 0.00382116333875 1.6156115383e-05
Sn 11 O 3.35084239523 0.22182741726 2.21626885121 0.00215180958292 0.0124622598175 0.000164036243514
Sn 12 O 2.8321452133 0.0226595604739 2.06393885715 0.00110447460734 0.00678369526811 4.5620357409e-05
Sn 13 O 2.89917007361 0.0133502583742 2.14360428855 0.00115546489332 0.00424412930167 2.70192974198e-05
Sn 14 O 2.78738997361 0.0540579803306 2.17666983142 0.00134964497542 0.010862376833 0.000211185020493
Sn 15 O 2.06884467071 0.0602448620265 2.15002565007 0.00303335688116 0.0131486432623 0.000429355809721
Sn 16 O 2.9188429636 0.00753194761385 2.14654841242 0.000812234350696 0.00338324301543 1.39008661199e-05
Sn 17 O 2.79146658297 0.0290745187205 2.12917279344 0.00119157604065 0.00907284923169 7.17628327574e-05
Sn 18 O 1.94188805349 0.00683138734398 2.09154517479 0.0014041413383 0.00364924529626 3.06236871669e-05
Sn 19 O 2.89452029972 0.0178666643123 2.11739912982 0.00114869209827 0.00570810463752 7.15477979093e-05
Sn 20 O 2.82017549539 0.0277194014756 2.15648389412 0.00139752301801 0.00787706681807 6.47496423455e-05
Sn 21 O 2.56186737863 0.0808824992643 2.12163280307 0.00184453445517 0.0217240889744 0.00032711661221
Sn 22 O 2.84488920119 0.0192100639759 2.10916106838 0.00115743805852 0.00688148052615 5.10166182126e-05
Sn 23 O 2.86972874047 0.146295862299 2.20235211996 0.00231847800218 0.0219381108115 0.000551054832313
Sn 24 O 3.03132301509 0.0781370456787 2.16654682824 0.00203344456306 0.0163754807168 0.000335428790258
Sn 25 O 2.86374738892 0.0210811079406 2.12809172317 0.00118523379735 0.00630172080001 7.02823501358e-05
Sn 26 O 2.89839015446 0.00994899790534 2.12663182988 0.00120788530878 0.00412875906752 1.76168732921e-05
Sn 27 O 2.8869517462 0.0155256134103 2.15493662567 0.0014047705236 0.00542695208886 4.24937456895e-05
Sn 28 O 2.85701048566 0.0191719877234 2.13283809425 0.00116519881343 0.00614494953455 4.56918577487e-05
Sn 29 O 2.91218505744 0.00840837836725 2.11273751436 0.00144236955731 0.00353072764862 1.46631552496e-05
Sn 30 O 2.86137094534 0.0151810683246 2.10545018223 0.000881800264601 0.00596449067945 3.545861084e-05
Sn 31 O 2.85841731986 0.0150160985455 2.08478750143 0.00100146078715 0.0058233287493 3.49063451398e-05
Sn 32 O 2.67425680376 0.0768219137221 2.11033521689 0.00272003037404 0.0156068803974 0.000213479450221
Sn 33 O 2.88117692956 0.0162118940563 2.14499625969 0.0011845074653 0.00509200474044 3.6699763834e-05
Sn 34 O 2.91156868364 0.00838729678099 2.12560395745 0.00121869528701 0.00375631550662 1.95713988461e-05
Sn 35 O 2.88971966995 0.0114330530283 2.15439842076 0.00120746279787 0.00497662091573 3.68941808071e-05
Sn 36 O 2.82661627228 0.0341504897786 2.1231242984 0.00116919723958 0.00779625258455 0.000106596360269
Sn 37 O 2.85436495659 0.0206366901342 2.15978280582 0.00146474206554 0.00702962637036 7.14083119727e-05
Sn 38 O 2.83882135677 0.029682819697 2.12974211684 0.00118987092699 0.00690192623436 7.48383863042e-05
Sn 39 O 2.90709509066 0.010800419798 2.16713229351 0.000893422011817 0.00415341695444 2.85641896776e-05
Sn 40 O 2.80193757617 0.0302306173186 2.11952223309 0.00119256200807 0.00849550177341 7.04839288819e-05
Sn 41 O 1.94145413902 0.00921244801609 2.12795640393 0.00184105042809 0.00402631558779 7.11097284889e-05
Sn 42 O 2.88346154855 0.0226315131275 2.1483353875 0.0015863066736 0.00515299269038 6.17832684091e-05
Sn 43 O 2.69918558402 0.0812494509367 2.18394954979 0.00186174720555 0.0170728235161 0.000369701279129
Sn 44 O 2.83980109984 0.0250332138432 2.15628598863 0.00167447541098 0.00743317487567 8.29009073201e-05
Sn 45 O 2.74773921181 0.0570176092214 2.12545410433 0.00140026202274 0.00940874613023 9.5140741145e-05
Sn 46 O 2.6870854772 0.0473205149135 2.12850770889 0.00176707289317 0.0147616588041 0.000170777810548
Sn 47 O 2.49648870842 0.126470756068 2.1458911687 0.00262036273182 0.0234634158645 0.00037452218009
Sn 48 O 2.89988472562 0.011551662637 2.15005003075 0.00147580694855 0.00431226202887 2.60165545903e-05
Sn 49 O 2.69687106929 0.0709407901945 2.12390119265 0.00195699217307 0.0139316966884 0.000240295276087
Sn 50 O 2.84597532236 0.0218900401734 2.17159370093 0.00168573059366 0.00722507465832 7.24168156156e-05
Sn 51 O 2.87694508748 0.0196186471597 2.14539708689 0.00126434807644 0.0051555483775 3.93689356368e-05
Sn 52 O 2.99024851602 0.073905842853 2.18126268135 0.0019294140092 0.0163873780553 0.00033595087397
Sn 53 O 3.00160436791 0.142699368367 2.18747981303 0.00307192534174 0.0217848403445 0.00032470776995
Sn 54 O 2.89623006537 0.0145302222923 2.13903987042 0.0012068046851 0.00441364973082 3.28234721288e-05
Sn 55 O 2.88424281471 0.00985172911791 2.10730036873 0.000890162403075 0.00481779056179 1.90461025162e-05
Sn 56 O 2.93811683699 0.0509699484212 2.09576971271 0.00156959246051 0.0138276292296 0.000277673576301
Sn 57 O 2.86512501463 0.0159824982285 2.14092353183 0.00158406592874 0.00581854192062 4.25527703634e-05
Sn 58 O 2.98225165972 0.109310113234 2.20111813154 0.00273422222574 0.0178784519971 0.000341340410059
Sn 59 O 2.91201067843 0.00742405401569 2.11141403917 0.00105691027351 0.00353175508368 1.2808552089e-05
Sn 60 O 2.84289890363 0.0431986776318 2.12300940215 0.00151891830081 0.0108103195426 0.000143287698213
Sn 61 O 2.81489342193 0.0304447246862 2.11852239752 0.00133928248597 0.00806372666827 8.93929632323e-05
Sn 62 O 1.0 0.0 2.08611940578 0.00300482342741 0.0 0.0
Sr 63 O 3.79164378354 0.170172032565 2.45280789186 0.00257343608123 0.0221252413829 0.000328516270959
Sr 64 O 4.55629956908 0.325411591914 2.47836554899 0.00237921826998 0.0311940203716 0.000495747458177
Sr 65 O 3.4226337662 0.165350324587 2.45276157762 0.00290262835426 0.0249854546285 0.000363185854633
Sr 66 O 4.48996410525 0.267274868352 2.48606930061 0.00220874279661 0.0319079981029 0.000424919634582
Sr 67 O 4.7179193858 0.499501684198 2.5383849406 0.00304509230468 0.0302715839441 0.000395547329469
Sr 68 O 5.65135982644 0.500752240817 2.56002885256 0.00251376577674 0.0312311502532 0.000267881662788
Sr 69 O 5.46923483507 0.462130723212 2.56553650434 0.00310889964312 0.0273762767218 0.00031321464347
