0.150000006 0.00000000 0.00000000 0.00000000 0.00000000 0.00000000 0.00000000 0.00000000 0.00000000
0.200000003 0.00000000 0.00000000 0.00000000 0.00000000 0.00000000 0.00000000 0.00000000 0.00000000
0.250000000 0.00000000 0.00000000 0.00000000 0.00000000 0.00000000 0.00000000 0.00000000 0.00000000
0.300000012 0.00000000 0.00000000 0.00000000 0.00000000 0.00000000 0.00000000 0.00000000 0.00000000
0.350000024 0.00000000 0.00000000 0.00000000 0.00000000 0.00000000 0.00000000 0.00000000 0.00000000
0.400000006 0.00000000 0.00000000 0.00000000 0.00000000 0.00000000 0.00000000 0.00000000 0.00000000
0.450000018 0.00000000 0.00000000 0.00000000 0.00000000 0.00000000 0.00000000 0.00000000 0.00000000
0.500000000 0.00000000 0.00000000 0.00000000 0.00000000 0.00000000 0.00000000 0.00000000 0.00000000
0.550000012 0.00000000 0.00000000 0.00000000 0.00000000 0.00000000 0.00000000 0.00000000 0.00000000
0.600000024 0.00000000 0.00000000 0.00000000 0.00000000 0.00000000 0.00000000 0.00000000 0.00000000
0.650000036 0.00000000 0.00000000 0.00000000 0.00000000 0.00000000 0.00000000 0.00000000 0.00000000
0.700000048 0.00000000 0.00000000 0.00000000 0.00000000 0.00000000 0.00000000 0.00000000 0.00000000
0.750000060 0.00000000 0.00000000 0.00000000 0.00000000 0.00000000 0.00000000 0.00000000 0.00000000
0.800000072 0.00000000 0.00000000 0.00000000 0.00000000 0.00000000 0.00000000 0.00000000 0.00000000
0.850000024 0.00000000 0.00000000 0.00000000 0.00000000 0.00000000 0.00000000 0.00000000 0.00000000
0.900000036 0.00000000 0.00000000 0.00000000 0.00000000 0.00000000 0.00000000 0.00000000 0.00000000
0.950000048 0.00000000 0.00000000 0.00000000 0.00000000 0.00000000 0.00000000 0.00000000 0.00000000
1.00000000 4.08433331E-03 4.67466656E-03 4.91366675E-03 4.91800020E-03 1.29013332E-02 1.23129999E-02 2.34873332E-02 4.02073339E-02
1.04999995 0.00000000 0.00000000 0.00000000 0.00000000 0.00000000 0.00000000 0.00000000 0.00000000
1.09999990 0.00000000 0.00000000 0.00000000 0.00000000 0.00000000 0.00000000 0.00000000 0.00000000
1.14999998 2.47666670E-04 3.48333328E-04 3.70333320E-04 3.78666678E-04 5.02666691E-04 4.85666678E-04 6.80333353E-04 6.39999984E-04
1.20000005 1.35633338E-03 2.16066674E-03 2.06699991E-03 2.27266666E-03 2.82800011E-03 2.98699993E-03 3.86233325E-03 3.52066662E-03
1.25000000 1.72499998E-03 2.62399996E-03 2.59699998E-03 2.90533341E-03 3.42566660E-03 3.59200011E-03 4.74733347E-03 4.34400002E-03
1.29999995 2.12300010E-03 3.14399996E-03 3.25233326E-03 3.77433328E-03 4.26100008E-03 4.68433322E-03 5.75533323E-03 5.39400009E-03
1.35000002 2.71199993E-03 3.91566660E-03 4.17566672E-03 4.67099994E-03 5.25533315E-03 5.77366678E-03 7.16866646E-03 6.60600001E-03
1.39999998 3.61400004E-03 4.91299992E-03 5.35633322E-03 5.91133349E-03 6.51900005E-03 7.14399992E-03 8.58933292E-03 8.23266711E-03
1.45000005 4.43500001E-03 6.08266657E-03 6.66866684E-03 7.54366675E-03 8.13466683E-03 8.84333346E-03 1.05876671E-02 1.00656664E-02
1.50000000 5.71233314E-03 7.59800011E-03 8.48766696E-03 9.30333324E-03 9.86866653E-03 1.09766666E-02 1.27486670E-02 1.25106666E-02
1.54999995 7.27166655E-03 9.39533301E-03 1.06526669E-02 1.16853332E-02 1.23266671E-02 1.38663333E-02 1.57680009E-02 1.54443337E-02
1.60000002 9.38700046E-03 1.16143329E-02 1.33166667E-02 1.48006668E-02 1.52799999E-02 1.71046667E-02 1.91980004E-02 1.94666665E-02
1.64999998 1.20936669E-02 1.45429997E-02 1.71886664E-02 1.88936666E-02 1.88443325E-02 2.13546660E-02 2.40219999E-02 2.41260007E-02
1.70000005 1.58549994E-02 1.85690001E-02 2.16913335E-02 2.38976665E-02 2.41563339E-02 2.68559996E-02 2.97430009E-02 2.99266670E-02
1.75000000 2.12023333E-02 2.40866672E-02 2.84886658E-02 3.11226659E-02 3.09803337E-02 3.46913338E-02 3.71746682E-02 3.79843339E-02
1.79999995 2.85276659E-02 3.22033316E-02 3.72193344E-02 4.10506651E-02 4.08766679E-02 4.50850017E-02 4.76373322E-02 4.87403348E-02
1.85000002 4.00036685E-02 4.42110002E-02 5.02726659E-02 5.55666685E-02 5.57336658E-02 6.00273348E-02 6.20989986E-02 6.35096654E-02
1.89999998 5.89326657E-02 6.37179986E-02 7.09586665E-02 7.80576691E-02 7.93986693E-02 8.47000033E-02 8.47743303E-02 8.68073329E-02
1.95000005 9.68739986E-02 0.103809670 0.112387665 0.122524999 0.125424996 0.131412998 0.130627334 0.131481007
2.00000000 0.320533007 0.343028009 0.353415996 0.377375007 0.393932670 0.399662673 0.403656662 0.399383992
2.04999995 2.32966663E-03 2.26766663E-03 1.93533336E-03 1.78733328E-03 1.59133330E-03 1.17299997E-03 6.92333328E-04 4.95333341E-04
2.09999990 3.16433329E-03 3.00933328E-03 2.51600007E-03 2.27333326E-03 2.02466664E-03 1.49266666E-03 8.55666643E-04 6.21000014E-04
2.14999986 5.14333323E-03 4.66200011E-03 3.98333324E-03 3.52900010E-03 3.08133336E-03 2.12799991E-03 1.34900003E-03 1.08033337E-03
2.19999981 7.45199993E-03 6.85433345E-03 5.93966665E-03 5.01066679E-03 4.46300022E-03 2.98233330E-03 1.93266664E-03 1.64466666E-03
2.25000000 7.58800004E-03 6.89500012E-03 6.10566651E-03 5.19566657E-03 4.62199980E-03 3.00466665E-03 1.92166667E-03 1.58166664E-03
2.29999995 7.97833316E-03 7.31533347E-03 6.47866679E-03 5.29799983E-03 4.75466670E-03 3.24300001E-03 2.10699998E-03 1.69366668E-03
2.34999990 8.59866664E-03 7.74900010E-03 6.81766681E-03 5.52566675E-03 4.99733351E-03 3.38533334E-03 2.14033341E-03 1.74300000E-03
2.39999986 9.29799955E-03 8.30533355E-03 7.41466647E-03 5.87800005E-03 5.12999995E-03 3.59533331E-03 2.35800003E-03 1.82999996E-03
2.44999981 1.01483334E-02 8.81433301E-03 7.99166691E-03 6.23933319E-03 5.47033316E-03 3.79133341E-03 2.46066670E-03 1.92266668E-03
2.50000000 1.14636663E-02 9.90933366E-03 8.72099958E-03 6.64833328E-03 5.81533322E-03 4.13100002E-03 2.66166660E-03 2.02333322E-03
2.54999995 1.28110005E-02 1.07739996E-02 9.45533346E-03 7.22099980E-03 6.15166686E-03 4.45266673E-03 2.94633326E-03 2.18999991E-03
2.59999990 1.42113334E-02 1.19703338E-02 1.05186664E-02 7.80199980E-03 6.59300014E-03 4.91066650E-03 3.24100000E-03 2.35166657E-03
2.64999986 1.61733329E-02 1.35249998E-02 1.15636671E-02 8.62033293E-03 6.91433344E-03 5.27966674E-03 3.43500008E-03 2.61433329E-03
2.69999981 1.87086668E-02 1.55436667E-02 1.29733337E-02 9.65366699E-03 7.78299989E-03 5.86966658E-03 3.73766664E-03 2.83899996E-03
2.75000000 2.16949992E-02 1.78890005E-02 1.47310002E-02 1.07993335E-02 8.65599979E-03 6.49933331E-03 4.17499989E-03 3.16266669E-03
2.79999995 2.53899992E-02 2.07920000E-02 1.65246669E-02 1.22959996E-02 9.66633298E-03 7.47666648E-03 4.59133321E-03 3.54099995E-03
2.84999990 2.97266673E-02 2.46019997E-02 1.93259995E-02 1.44003332E-02 1.10056670E-02 8.32266640E-03 5.21366671E-03 4.01799986E-03
2.89999986 3.55143324E-02 2.98833326E-02 2.27796659E-02 1.68583337E-02 1.28680002E-02 9.68766678E-03 5.94299985E-03 4.35733330E-03
2.94999981 4.34270017E-02 3.69363315E-02 2.84279995E-02 2.04460006E-02 1.51836667E-02 1.17346663E-02 6.94566686E-03 5.10066655E-03
3.00000000 5.66946678E-02 4.89733331E-02 3.76886651E-02 2.72039995E-02 1.92070007E-02 1.52220000E-02 8.16133339E-03 6.32833317E-03
3.04999995 3.53000010E-04 1.09333334E-04 1.35666662E-04 3.73333351E-05 6.03333319E-05 2.33333344E-06 5.66666677E-06 5.66666677E-06
3.09999990 4.61666670E-04 1.33333335E-04 1.93333341E-04 3.89999987E-05 6.80000012E-05 2.66666666E-06 7.00000010E-06 4.33333344E-06
3.14999986 6.47666689E-04 1.65999998E-04 2.57333333E-04 3.83333318E-05 7.93333311E-05 3.99999999E-06 1.10000001E-05 8.33333343E-06
3.19999981 7.26666651E-04 1.95999994E-04 2.81999994E-04 4.06666659E-05 9.16666686E-05 5.33333332E-06 1.49999996E-05 1.13333335E-05
3.25000000 7.27333361E-04 1.77333335E-04 2.71333323E-04 3.70000016E-05 8.90000010E-05 5.66666677E-06 2.23333336E-05 7.33333354E-06
3.29999995 6.78666693E-04 1.66333339E-04 2.39000001E-04 3.26666668E-05 1.01333331E-04 2.66666666E-06 2.03333329E-05 8.66666687E-06
3.34999990 6.92666683E-04 1.63333330E-04 2.42666662E-04 4.66666679E-05 1.28333340E-04 4.66666688E-06 2.13333333E-05 9.33333376E-06
3.39999986 7.38333329E-04 1.38666670E-04 2.25666663E-04 3.96666655E-05 1.47666666E-04 3.00000011E-06 1.99999995E-05 1.06666666E-05
3.44999981 8.04000010E-04 1.53999994E-04 2.36666659E-04 3.89999987E-05 1.36666669E-04 3.66666677E-06 2.49999994E-05 1.66666669E-05
3.50000000 7.81000010E-04 1.28333340E-04 2.38333334E-04 3.56666678E-05 1.65000005E-04 4.33333344E-06 3.26666668E-05 1.29999999E-05
3.54999995 8.36666673E-04 1.44666672E-04 2.28666671E-04 2.73333335E-05 1.64666664E-04 2.33333344E-06 3.73333351E-05 2.30000005E-05
3.59999990 8.69666692E-04 1.50333333E-04 2.37000000E-04 2.80000004E-05 1.70333340E-04 3.66666677E-06 4.63333345E-05 2.90000007E-05
3.64999986 8.61333334E-04 1.41333338E-04 2.53666658E-04 2.43333325E-05 1.83666663E-04 3.33333332E-06 7.20000025E-05 3.43333340E-05
3.69999981 8.87333357E-04 1.25999999E-04 2.55999999E-04 3.93333321E-05 2.08333338E-04 1.66666666E-06 7.50000036E-05 3.46666675E-05
3.75000000 9.59999976E-04 1.25999999E-04 2.36666659E-04 3.36666672E-05 2.24000003E-04 1.66666666E-06 7.06666688E-05 5.50000004E-05
3.79999995 1.01233332E-03 1.25333332E-04 2.69666663E-04 2.96666658E-05 2.27333338E-04 6.66666665E-07 6.26666661E-05 5.63333342E-05
3.84999990 1.07233331E-03 9.96666640E-05 2.37333326E-04 3.60000013E-05 2.57000007E-04 6.66666665E-07 6.93333350E-05 4.63333345E-05
3.89999986 1.10533333E-03 9.89999971E-05 2.32000006E-04 3.13333330E-05 3.16666672E-04 6.66666665E-07 7.56666632E-05 3.93333321E-05
3.94999981 9.43666673E-04 9.76666634E-05 2.09000005E-04 1.49999996E-05 3.25333327E-04 1.33333333E-06 7.06666688E-05 3.30000003E-05
4.00000000 6.33666641E-04 4.73333348E-05 1.44333331E-04 9.66666630E-06 2.26000004E-04 2.66666666E-06 4.36666669E-05 2.36666674E-05
4.05000019 0.00000000 0.00000000 0.00000000 0.00000000 0.00000000 0.00000000 0.00000000 0.00000000
4.10000038 0.00000000 0.00000000 0.00000000 0.00000000 0.00000000 0.00000000 0.00000000 0.00000000
4.15000010 0.00000000 0.00000000 0.00000000 0.00000000 0.00000000 0.00000000 0.00000000 0.00000000
4.20000029 0.00000000 0.00000000 0.00000000 0.00000000 0.00000000 0.00000000 0.00000000 0.00000000
4.25000000 0.00000000 0.00000000 0.00000000 0.00000000 0.00000000 0.00000000 0.00000000 0.00000000
4.30000019 0.00000000 0.00000000 0.00000000 0.00000000 0.00000000 0.00000000 0.00000000 0.00000000
4.35000038 0.00000000 0.00000000 0.00000000 0.00000000 0.00000000 0.00000000 0.00000000 0.00000000
4.40000010 0.00000000 0.00000000 0.00000000 0.00000000 0.00000000 0.00000000 0.00000000 0.00000000
4.45000029 0.00000000 0.00000000 0.00000000 0.00000000 0.00000000 0.00000000 0.00000000 0.00000000
4.50000000 0.00000000 0.00000000 0.00000000 0.00000000 0.00000000 0.00000000 0.00000000 0.00000000
4.55000019 0.00000000 0.00000000 0.00000000 0.00000000 0.00000000 0.00000000 0.00000000 0.00000000
4.60000038 0.00000000 0.00000000 0.00000000 0.00000000 0.00000000 0.00000000 0.00000000 0.00000000
4.65000010 0.00000000 0.00000000 0.00000000 0.00000000 0.00000000 0.00000000 0.00000000 0.00000000
4.70000029 0.00000000 0.00000000 0.00000000 0.00000000 0.00000000 0.00000000 0.00000000 0.00000000
4.75000000 0.00000000 0.00000000 0.00000000 0.00000000 0.00000000 0.00000000 0.00000000 0.00000000
4.80000019 0.00000000 0.00000000 0.00000000 0.00000000 0.00000000 0.00000000 0.00000000 0.00000000
4.85000038 0.00000000 0.00000000 0.00000000 0.00000000 0.00000000 0.00000000 0.00000000 0.00000000
4.90000010 0.00000000 0.00000000 0.00000000 0.00000000 0.00000000 0.00000000 0.00000000 0.00000000
4.95000029 0.00000000 0.00000000 0.00000000 0.00000000 0.00000000 0.00000000 0.00000000 0.00000000
5.00000000 0.00000000 0.00000000 0.00000000 0.00000000 0.00000000 0.00000000 0.00000000 0.00000000
5.05000019 0.00000000 0.00000000 0.00000000 0.00000000 0.00000000 0.00000000 0.00000000 0.00000000
5.10000038 0.00000000 0.00000000 0.00000000 0.00000000 0.00000000 0.00000000 0.00000000 0.00000000
5.15000010 0.00000000 0.00000000 0.00000000 0.00000000 0.00000000 0.00000000 0.00000000 0.00000000
5.20000029 0.00000000 0.00000000 0.00000000 0.00000000 0.00000000 0.00000000 0.00000000 0.00000000
5.25000000 0.00000000 0.00000000 0.00000000 0.00000000 0.00000000 0.00000000 0.00000000 0.00000000
5.30000019 0.00000000 0.00000000 0.00000000 0.00000000 0.00000000 0.00000000 0.00000000 0.00000000
5.35000038 0.00000000 0.00000000 0.00000000 0.00000000 0.00000000 0.00000000 0.00000000 0.00000000
5.40000010 0.00000000 0.00000000 0.00000000 0.00000000 0.00000000 0.00000000 0.00000000 0.00000000
5.45000029 0.00000000 0.00000000 0.00000000 0.00000000 0.00000000 0.00000000 0.00000000 0.00000000
5.50000000 0.00000000 0.00000000 0.00000000 0.00000000 0.00000000 0.00000000 0.00000000 0.00000000
5.55000019 0.00000000 0.00000000 0.00000000 0.00000000 0.00000000 0.00000000 0.00000000 0.00000000
5.60000038 0.00000000 0.00000000 0.00000000 0.00000000 0.00000000 0.00000000 0.00000000 0.00000000
5.65000010 0.00000000 0.00000000 0.00000000 0.00000000 0.00000000 0.00000000 0.00000000 0.00000000
5.70000029 0.00000000 0.00000000 0.00000000 0.00000000 0.00000000 0.00000000 0.00000000 0.00000000
5.75000000 0.00000000 0.00000000 0.00000000 0.00000000 0.00000000 0.00000000 0.00000000 0.00000000
5.80000019 0.00000000 0.00000000 0.00000000 0.00000000 0.00000000 0.00000000 0.00000000 0.00000000
5.85000038 0.00000000 0.00000000 0.00000000 0.00000000 0.00000000 0.00000000 0.00000000 0.00000000
5.90000010 0.00000000 0.00000000 0.00000000 0.00000000 0.00000000 0.00000000 0.00000000 0.00000000
5.95000029 0.00000000 0.00000000 0.00000000 0.00000000 0.00000000 0.00000000 0.00000000 0.00000000
6.00000000 0.00000000 0.00000000 0.00000000 0.00000000 0.00000000 0.00000000 0.00000000 0.00000000
6.05000019 0.00000000 0.00000000 0.00000000 0.00000000 0.00000000 0.00000000 0.00000000 0.00000000
6.10000038 0.00000000 0.00000000 0.00000000 0.00000000 0.00000000 0.00000000 0.00000000 0.00000000
6.15000010 0.00000000 0.00000000 0.00000000 0.00000000 0.00000000 0.00000000 0.00000000 0.00000000
