1.04999995 0.00000000 0.00000000 0.00000000 0.00000000 0.00000000 0.00000000 0.00000000 0.00000000
1.09999990 0.00000000 0.00000000 0.00000000 0.00000000 0.00000000 0.00000000 0.00000000 0.00000000
1.14999998 0.00000000 0.00000000 0.00000000 0.00000000 0.00000000 0.00000000 0.00000000 0.00000000
1.19999993 0.00000000 0.00000000 0.00000000 0.00000000 0.00000000 0.00000000 0.00000000 0.00000000
1.25000000 0.00000000 0.00000000 0.00000000 0.00000000 0.00000000 0.00000000 0.00000000 0.00000000
1.29999995 0.00000000 0.00000000 0.00000000 0.00000000 0.00000000 0.00000000 0.00000000 0.00000000
1.34999990 0.00000000 0.00000000 0.00000000 0.00000000 0.00000000 0.00000000 0.00000000 0.00000000
1.39999998 0.00000000 0.00000000 0.00000000 0.00000000 0.00000000 0.00000000 0.00000000 0.00000000
1.44999993 0.00000000 0.00000000 0.00000000 0.00000000 0.00000000 0.00000000 0.00000000 0.00000000
1.50000000 0.00000000 0.00000000 0.00000000 0.00000000 8.33333331E-07 0.00000000 0.00000000 0.00000000
1.54999995 0.00000000 0.00000000 0.00000000 0.00000000 0.00000000 0.00000000 0.00000000 0.00000000
1.59999990 0.00000000 0.00000000 0.00000000 0.00000000 0.00000000 1.66666666E-06 0.00000000 0.00000000
1.64999998 0.00000000 8.33333331E-07 0.00000000 0.00000000 0.00000000 1.66666666E-06 0.00000000 1.66666666E-06
1.70000005 0.00000000 8.33333331E-07 0.00000000 0.00000000 2.49999994E-06 0.00000000 0.00000000 0.00000000
1.75000000 3.33333332E-06 0.00000000 0.00000000 0.00000000 8.33333331E-07 3.33333332E-06 0.00000000 8.33333331E-07
1.79999995 4.99999987E-06 0.00000000 0.00000000 3.33333332E-06 8.33333331E-07 2.49999994E-06 0.00000000 0.00000000
1.84999990 2.49999994E-06 3.33333332E-06 0.00000000 8.33333331E-07 8.33333331E-07 6.66666665E-06 1.66666666E-06 0.00000000
1.89999998 1.66666666E-06 4.16666671E-06 0.00000000 1.66666666E-06 4.16666671E-06 2.49999994E-06 1.66666666E-06 0.00000000
1.95000005 0.00000000 2.49999994E-06 0.00000000 8.33333331E-07 9.99999975E-06 4.99999987E-06 5.83333349E-06 2.49999994E-06
2.00000000 0.00000000 1.66666666E-06 0.00000000 0.00000000 1.41666669E-05 8.33333343E-06 1.66666666E-06 9.16666704E-06
2.04999995 2.49999994E-06 4.16666671E-06 0.00000000 0.00000000 1.58333332E-05 9.16666704E-06 8.33333343E-06 1.08333334E-05
2.10000014 7.49999981E-06 4.99999987E-06 0.00000000 8.33333331E-07 1.75000005E-05 6.66666665E-06 9.99999975E-06 1.24999997E-05
2.14999986 5.83333349E-06 6.66666665E-06 0.00000000 4.16666671E-06 1.83333341E-05 9.99999975E-06 1.24999997E-05 1.99999995E-05
2.20000005 9.99999975E-06 9.99999975E-06 0.00000000 7.49999981E-06 2.25000003E-05 7.49999981E-06 1.58333332E-05 2.49999994E-05
2.25000000 1.16666670E-05 7.49999981E-06 1.66666666E-06 2.49999994E-06 2.66666666E-05 1.16666670E-05 1.75000005E-05 3.16666665E-05
2.29999995 8.33333343E-06 1.66666669E-05 1.66666666E-06 8.33333343E-06 5.91666649E-05 1.58333332E-05 2.91666674E-05 4.33333335E-05
2.35000014 2.08333331E-05 1.49999996E-05 0.00000000 1.24999997E-05 6.83333346E-05 2.41666676E-05 3.33333337E-05 6.08333321E-05
2.39999986 2.08333331E-05 1.66666669E-05 8.33333331E-07 1.08333334E-05 9.83333302E-05 3.16666665E-05 4.16666662E-05 8.41666697E-05
2.45000005 3.41666673E-05 1.99999995E-05 2.49999994E-06 1.91666659E-05 1.28333340E-04 3.58333346E-05 6.50000002E-05 1.24166661E-04
2.50000000 3.58333346E-05 3.16666665E-05 4.16666671E-06 2.33333340E-05 1.73333334E-04 2.91666674E-05 7.58333335E-05 1.67499995E-04
2.54999995 2.83333338E-05 3.91666654E-05 5.83333349E-06 2.58333330E-05 1.69166669E-04 4.08333326E-05 9.33333358E-05 1.76666668E-04
2.60000014 2.99999992E-05 6.16666657E-05 1.16666670E-05 3.83333318E-05 2.19166672E-04 4.83333351E-05 1.10000001E-04 2.56666681E-04
2.64999986 4.91666651E-05 6.41666702E-05 8.33333343E-06 4.16666662E-05 2.34166670E-04 3.66666682E-05 1.13333335E-04 2.93333345E-04
2.70000005 5.99999985E-05 6.16666657E-05 2.75000002E-05 4.83333351E-05 2.96666665E-04 4.83333351E-05 1.68333339E-04 3.65833344E-04
2.75000000 7.58333335E-05 7.66666635E-05 3.16666665E-05 5.99999985E-05 3.27499991E-04 6.91666646E-05 2.14166663E-04 4.48333332E-04
2.79999995 7.16666691E-05 1.10833331E-04 4.16666662E-05 8.25000025E-05 3.64166655E-04 7.33333363E-05 2.45000003E-04 5.25833340E-04
2.85000014 8.66666669E-05 9.33333358E-05 5.58333340E-05 7.58333335E-05 4.00833320E-04 8.08333352E-05 2.94166675E-04 7.33333349E-04
2.89999986 9.08333313E-05 1.07499996E-04 7.33333363E-05 9.50000031E-05 4.53333341E-04 9.75000003E-05 3.81666672E-04 8.52499972E-04
2.95000005 1.24166661E-04 1.30000000E-04 1.00833335E-04 9.58333330E-05 5.28333359E-04 1.27499996E-04 3.85833322E-04 1.00416667E-03
3.00000000 1.34999995E-04 1.45833328E-04 1.34166665E-04 1.33333335E-04 5.71666693E-04 1.42499994E-04 4.65833320E-04 1.31249998E-03
3.04999995 1.58333336E-04 1.36666669E-04 1.67499995E-04 1.30833330E-04 5.56666695E-04 1.69166669E-04 5.10833343E-04 1.50666665E-03
3.09999990 1.69166669E-04 1.74166664E-04 2.28333331E-04 1.51666667E-04 5.64166694E-04 2.19166672E-04 6.69999979E-04 1.74166670E-03
3.15000010 1.86666672E-04 2.26666671E-04 2.93333345E-04 1.44166668E-04 5.79999993E-04 2.72500009E-04 7.68333324E-04 2.05583335E-03
3.20000005 2.41666668E-04 2.17499997E-04 3.03333334E-04 1.62500000E-04 6.77499978E-04 3.45833338E-04 9.65000014E-04 2.34416663E-03
3.25000000 2.98333325E-04 2.92499986E-04 3.50833347E-04 2.17499997E-04 6.76666677E-04 4.19166667E-04 1.12000003E-03 2.80333334E-03
3.29999995 3.34999990E-04 3.49166658E-04 4.08333348E-04 2.69999990E-04 7.57500005E-04 5.63333335E-04 1.46416668E-03 3.35083343E-03
3.34999990 4.22499987E-04 4.06666659E-04 4.77499998E-04 2.97499995E-04 8.38333333E-04 7.37500028E-04 1.66249997E-03 3.89916659E-03
3.40000010 5.53333317E-04 5.19166642E-04 5.40833338E-04 4.04166669E-04 8.88333307E-04 9.23333340E-04 1.94666663E-03 4.32583317E-03
3.45000005 6.45000022E-04 6.90000015E-04 7.27500010E-04 5.15833322E-04 1.02333329E-03 1.21916668E-03 2.32083327E-03 5.05666668E-03
3.50000000 8.35833314E-04 8.40833352E-04 9.60833335E-04 6.03333348E-04 1.21083332E-03 1.59916666E-03 2.82249996E-03 5.53249987E-03
3.54999995 1.04333332E-03 1.10833335E-03 1.15833338E-03 8.09999998E-04 1.34083338E-03 1.85999996E-03 3.28166666E-03 5.87583333E-03
3.59999990 1.24416663E-03 1.41666667E-03 1.42666663E-03 1.19250000E-03 1.68416672E-03 2.28333334E-03 3.98666644E-03 6.56833313E-03
3.65000010 1.58666668E-03 1.91333331E-03 1.93666667E-03 1.65416661E-03 1.97583344E-03 2.77916668E-03 4.47083311E-03 7.20833335E-03
3.70000005 2.03166669E-03 2.45916657E-03 2.51916656E-03 2.41333339E-03 2.60666665E-03 3.22666671E-03 5.31666679E-03 8.13833345E-03
3.75000000 2.59416667E-03 3.20083322E-03 3.33916675E-03 3.45250010E-03 3.59250000E-03 4.22583334E-03 6.52750023E-03 9.73583292E-03
3.79999995 3.54499999E-03 4.36499994E-03 4.72833356E-03 5.47500001E-03 5.23416651E-03 6.11333316E-03 8.44666641E-03 1.24708330E-02
3.84999990 4.72499989E-03 6.27416652E-03 6.55916659E-03 8.17916635E-03 8.25833343E-03 9.90166701E-03 1.24275004E-02 1.74791664E-02
3.90000010 6.42583333E-03 8.48583318E-03 9.72583331E-03 1.29575003E-02 1.25991665E-02 1.76724996E-02 2.05683336E-02 2.66925003E-02
3.95000005 8.28749966E-03 1.09291663E-02 1.40558332E-02 2.08858326E-02 1.98833328E-02 3.26366648E-02 3.81000005E-02 4.24050018E-02
4.00000000 9.53416713E-03 1.11666666E-02 1.62508339E-02 2.62316670E-02 2.60175001E-02 5.00983335E-02 5.58625013E-02 5.46266660E-02
4.05000019 6.41166652E-03 7.44500011E-03 7.89166708E-03 7.42083322E-03 8.54500011E-03 6.13499992E-03 7.32916687E-03 7.73666659E-03
4.10000038 8.04333296E-03 9.55749955E-03 1.06199998E-02 1.02075003E-02 1.12091666E-02 8.55750032E-03 9.73000005E-03 1.01675000E-02
4.15000057 1.01074995E-02 1.22025004E-02 1.40133332E-02 1.42716663E-02 1.51108336E-02 1.23950001E-02 1.34058334E-02 1.36583336E-02
4.20000029 1.17133334E-02 1.43825002E-02 1.63116660E-02 1.74208339E-02 1.80341676E-02 1.57883335E-02 1.69491675E-02 1.62808336E-02
4.25000000 1.29858330E-02 1.66625008E-02 1.82224996E-02 1.94616672E-02 2.01141667E-02 1.77616663E-02 1.93683337E-02 1.81641672E-02
4.30000019 1.44908335E-02 1.80633329E-02 1.99016668E-02 2.16133334E-02 2.24649999E-02 2.04074997E-02 2.23433338E-02 2.07058340E-02
4.35000038 1.57491658E-02 2.01833341E-02 2.22233329E-02 2.44925003E-02 2.59600002E-02 2.32941676E-02 2.55791675E-02 2.37391666E-02
4.40000057 1.75016671E-02 2.23775003E-02 2.46699993E-02 2.72033326E-02 2.94033326E-02 2.67091673E-02 2.96500009E-02 2.69483328E-02
4.45000029 1.88341662E-02 2.46183332E-02 2.71524992E-02 3.03733330E-02 3.30024995E-02 3.02983336E-02 3.36450003E-02 3.05166673E-02
4.50000000 2.06983332E-02 2.69491673E-02 3.00083328E-02 3.33466679E-02 3.67208347E-02 3.41725014E-02 3.75933349E-02 3.50583345E-02
4.55000019 2.24333331E-02 2.86241658E-02 3.28074992E-02 3.62774990E-02 4.03183326E-02 3.82433347E-02 4.14016657E-02 3.97641659E-02
4.60000038 2.43075006E-02 3.02524995E-02 3.53675000E-02 3.93508337E-02 4.41083349E-02 4.20675017E-02 4.57941666E-02 4.43366654E-02
4.65000057 2.60150004E-02 3.15875001E-02 3.77458334E-02 4.21358347E-02 4.73825000E-02 4.54550013E-02 4.84991670E-02 4.86049987E-02
4.70000029 2.72666663E-02 3.21658328E-02 3.96483317E-02 4.42166664E-02 4.94275019E-02 4.88299988E-02 5.03083318E-02 5.16941659E-02
4.75000000 2.79783327E-02 3.23583335E-02 4.06166650E-02 4.45625000E-02 5.06083332E-02 5.07408343E-02 5.09974994E-02 5.35516664E-02
4.80000019 2.85650007E-02 3.16733345E-02 4.05266657E-02 4.31100018E-02 5.01208343E-02 4.96350005E-02 4.96908352E-02 5.30675016E-02
4.85000038 2.82816663E-02 3.08899991E-02 3.79616655E-02 3.97508331E-02 4.77499999E-02 4.56708334E-02 4.58449982E-02 4.91458327E-02
4.90000057 2.70991661E-02 2.87358332E-02 3.42658348E-02 3.43391672E-02 4.12858315E-02 3.80308330E-02 3.85374986E-02 3.98133323E-02
4.95000029 2.47725006E-02 2.58108340E-02 2.75116675E-02 2.64599994E-02 3.10849994E-02 2.74066664E-02 2.79925000E-02 2.67116670E-02
5.00000000 2.22966671E-02 2.16841660E-02 1.99933331E-02 1.84374992E-02 1.82991661E-02 1.52625004E-02 1.43833337E-02 1.14125004E-02
5.05000019 2.17916667E-02 1.98916662E-02 1.67874992E-02 1.42024998E-02 1.25799999E-02 1.03449998E-02 7.02083344E-03 4.27749986E-03
5.10000038 2.32999995E-02 2.10758336E-02 1.78083330E-02 1.53233334E-02 1.34891663E-02 1.12974998E-02 7.98249990E-03 4.84499987E-03
5.15000010 2.43966673E-02 2.26583332E-02 1.84224993E-02 1.62741672E-02 1.43700000E-02 1.23391664E-02 8.85749981E-03 5.33333328E-03
5.20000029 2.53441669E-02 2.32658330E-02 1.89200006E-02 1.67283341E-02 1.44050000E-02 1.27766663E-02 9.25333332E-03 5.43333311E-03
5.25000048 2.60550007E-02 2.39491668E-02 1.95700005E-02 1.71824992E-02 1.46000003E-02 1.30158337E-02 1.00774998E-02 5.75749995E-03
5.30000019 2.65408326E-02 2.46566664E-02 1.98500007E-02 1.74858328E-02 1.49166668E-02 1.36491666E-02 1.05041666E-02 6.12166664E-03
5.35000038 2.70441659E-02 2.51758341E-02 1.99158341E-02 1.78991668E-02 1.50875002E-02 1.42058330E-02 1.05875004E-02 6.39249990E-03
5.40000010 2.77691670E-02 2.55325008E-02 2.03575008E-02 1.86783336E-02 1.52633330E-02 1.48891667E-02 1.11766662E-02 6.88166684E-03
5.45000029 2.83349995E-02 2.54699998E-02 2.09358335E-02 1.91441663E-02 1.54424999E-02 1.53816668E-02 1.15141664E-02 7.54916668E-03
5.50000048 2.85966676E-02 2.58308332E-02 2.11708341E-02 1.90124996E-02 1.54641671E-02 1.56908333E-02 1.17066670E-02 8.00250005E-03
5.55000019 2.86800005E-02 2.53283326E-02 2.17683334E-02 1.91858336E-02 1.53808333E-02 1.60491671E-02 1.20324995E-02 8.66166689E-03
5.60000038 2.88533326E-02 2.51591671E-02 2.13750005E-02 1.94108337E-02 1.56808328E-02 1.66350007E-02 1.20491665E-02 9.32583306E-03
5.65000010 2.89033335E-02 2.45283339E-02 2.14816667E-02 1.95966661E-02 1.50950002E-02 1.66708324E-02 1.21258330E-02 1.01458337E-02
5.70000029 2.81691663E-02 2.31658332E-02 2.09849998E-02 1.93616673E-02 1.48850000E-02 1.64208338E-02 1.19941663E-02 1.05774999E-02
5.75000048 2.71516666E-02 2.13750005E-02 2.00283341E-02 1.82691664E-02 1.40341669E-02 1.57674998E-02 1.14324996E-02 1.12150004E-02
5.80000019 2.53324993E-02 1.97758339E-02 1.88466664E-02 1.66108329E-02 1.29208332E-02 1.49750002E-02 1.09658334E-02 1.09883333E-02
5.85000038 2.22191662E-02 1.73683334E-02 1.60025004E-02 1.47275003E-02 1.10108331E-02 1.36741670E-02 1.00833336E-02 1.03008337E-02
5.90000010 1.81583334E-02 1.48200002E-02 1.25150001E-02 1.18025001E-02 8.91833380E-03 1.12358332E-02 8.36416706E-03 8.73416662E-03
5.95000029 1.33783333E-02 1.06941666E-02 8.41916632E-03 7.54916668E-03 5.72916679E-03 7.18750013E-03 5.38833346E-03 6.29416667E-03
6.00000048 7.72583345E-03 5.63083356E-03 4.13666666E-03 3.13249999E-03 1.87833328E-03 2.35416670E-03 1.80916663E-03 1.70000002E-03
6.05000019 5.47999982E-03 3.29833338E-03 2.56499997E-03 1.05666672E-03 2.23333336E-04 4.08333326E-05 0.00000000 3.33333332E-06
6.10000038 5.39666647E-03 3.20583326E-03 2.54666666E-03 1.07250002E-03 2.29166661E-04 3.58333346E-05 0.00000000 0.00000000
6.15000010 5.17416652E-03 3.35666677E-03 2.59833341E-03 1.01749995E-03 2.38333334E-04 3.66666682E-05 0.00000000 0.00000000
6.20000029 4.94333310E-03 3.20833339E-03 2.59666657E-03 1.04416662E-03 2.44166673E-04 2.75000002E-05 0.00000000 0.00000000
6.25000048 4.78833355E-03 3.44583322E-03 2.53499998E-03 1.03166664E-03 2.25833326E-04 3.91666654E-05 0.00000000 0.00000000
6.30000019 4.79166675E-03 3.51083325E-03 2.49999994E-03 1.03333336E-03 2.05833334E-04 3.16666665E-05 0.00000000 0.00000000
6.35000038 4.49083326E-03 3.53583344E-03 2.53750011E-03 8.90000025E-04 2.24999996E-04 2.91666674E-05 0.00000000 0.00000000
6.40000010 4.31999983E-03 3.55416676E-03 2.52166670E-03 9.70833353E-04 1.84999997E-04 2.25000003E-05 0.00000000 0.00000000
6.45000029 4.12583351E-03 3.49500007E-03 2.46416661E-03 9.71666654E-04 1.80833333E-04 1.75000005E-05 0.00000000 0.00000000
6.50000048 3.73916677E-03 3.46166664E-03 2.31333333E-03 9.64166655E-04 1.65833335E-04 1.16666670E-05 0.00000000 0.00000000
6.55000019 3.71999992E-03 3.32250004E-03 2.09666672E-03 9.69999994E-04 1.25833336E-04 1.24999997E-05 0.00000000 0.00000000
6.60000038 3.37916659E-03 3.10666673E-03 2.01750011E-03 9.97500028E-04 1.21666664E-04 1.33333333E-05 0.00000000 0.00000000
6.65000010 2.94083334E-03 2.68166675E-03 1.78833329E-03 9.17500001E-04 1.13333335E-04 5.83333349E-06 0.00000000 0.00000000
6.70000029 2.62166676E-03 2.41583330E-03 1.65250001E-03 8.68333329E-04 9.16666686E-05 8.33333343E-06 0.00000000 0.00000000
6.75000048 2.21416657E-03 2.00833334E-03 1.37416669E-03 8.04166659E-04 6.08333321E-05 8.33333331E-07 0.00000000 0.00000000
6.80000019 1.75916671E-03 1.59916666E-03 1.00333337E-03 7.97500019E-04 3.75000018E-05 0.00000000 0.00000000 0.00000000
6.85000038 1.30833336E-03 1.15000003E-03 7.15833332E-04 7.20833312E-04 1.24999997E-05 0.00000000 0.00000000 0.00000000
6.90000010 9.39166639E-04 6.79999997E-04 5.09166683E-04 5.58333355E-04 1.33333333E-05 0.00000000 0.00000000 0.00000000
6.95000029 4.65833320E-04 2.74999999E-04 2.14166663E-04 2.78333348E-04 4.16666671E-06 0.00000000 0.00000000 0.00000000
7.00000048 2.08333338E-04 1.30833330E-04 3.33333337E-05 6.33333329E-05 0.00000000 0.00000000 0.00000000 0.00000000
7.05000019 0.00000000 0.00000000 0.00000000 0.00000000 0.00000000 0.00000000 0.00000000 0.00000000
