0.0625		  0.000	0	0	0	0	0	0	0	0	0	0	0	0	0	0	0	0	0	0	0
0.125		  0.000	0	0	0	0	0	0	0	0	0	0	0	0	0	0	0	0	0	0	0
0.1875		  0.000	0	0	0	0	0	0	0	0	0	0	0	0	0	0	0	0	0	0	0
0.25		  0.000	0	0	0	0	0	0	0	0	0	0	0	0	0	0	0	0	0	0	0
0.3125		  0.000	0	0	0	0	0	0	0	0	0	0	0	0	0	0	0	0	0	0	0
0.375		  0.000	0	0	0	0	0	0	0	0	0	0	0	0	0	0	0	0	0	0	0
0.4375		  0.000	0	0	0	0	0	0	0	0	0	0	0	0	0	0	0	0	0	0	0
0.5		  0.000	0	0	0	0	0	0	0	0	0	0	0	0	0	0	0	0	0	0	0
0.5625		  0.000	0	0	0	0	0	0	0	0	0	0	0	0	0	0	0	0	0	0	0
0.625		  0.000	0	0	0	0	0	0	0	0	0	0	0	0	0	0	0	0	0	0	0
0.6875		  0.000	0	0	0	0	0	0	0	0	0	0	0	0	0	0	0	0	0	0	0
0.75		  0.000	0	0	0	0	0	0	0	0	0	0	0	0	0	0	0	0	0	0	0
0.8125		  0.000	0	0	0	0	0	0	0	0	0	0	0	0	0	0	0	0	0	0	0
0.875		  0.000	0	0	0	0	0	0	0	0	0	0	0	0	0	0	0	0	0	0	0
0.9375		  0.000	0	0	0	0	0	0	0	0	0	0	0	0	0	0	0	0	0	0	0
1		  0.000	0	0	0	0	0	0	0	0	0	0	0	0	0	0	0	0	0	0	0
1.0625		  0.000	0	0	0	0	0	0	0	0	0	0	0	0	0	0	0	0	0	0	0
1.125		  0.000	0	0	0	0	0	0	0	0	0	0	0	0	0	0	0	0	0	0	0
1.1875		  0.000	0	0	0	0	0	0	0	0	0	0	0	0	0	0	0	0	0	0	0
1.25		  0.000	0	0	0	0	0	0	0	0	0	0	0	0	0	0	0	0	0	0	0
1.3125		  0.000	0	0	0	0	0	0	0	0	0	0	0	0	0	0	0	0	0	0	0
1.375		  0.000	0	0	0	0	0	0	0	0	0	0	0	0	0	0	0	0	0	0	0
1.4375		  0.000	0	0	0	0	0	0	0	0	0	0	0	0	0	0	0	0	0	0	0
1.5		  0.000	0	0	0	0	0	0	0	0	0	0	0	0	0	0	0	0	0	0	0
1.5625		  0.000	0	0	0	0	0	0	0	0	0	0	0	0	0	0	0	0	0	0	0
1.625		  0.000	0	0	0	0	0	0	0	0	0	0	0	0	0	0	0	0	0	0	0
1.6875		  0.000	0	0	0	0	0	0	0	0	0	0	0	0	0	0	0	0	0	0	0
1.75		  0.000	0	0	0	0	0	0	0	0	0	0	0	0	0	0	0	0	0	0	0
1.8125		  0.000	0	0	0	0	0	0	0	0	0	0	0	0	0	0	0	0	0	0	0
1.875		  0.000	0	0	0.0001	0.0003	0	0.0001	0.0003	5e-05	0	0.00115	0.00035	0.0001	0.00095	0.0006	0.0002	0.0008	0.00065	0.00085	0.00095
1.9375		  0.000	0.008	0.0147	0.0144	0.0114	0.01755	0.0164	0.02005	0.0209	0.01775	0.02725	0.035	0.0317	0.05025	0.048	0.04435	0.0453	0.0525	0.0663	0.0673
2		  0.009	0.238	0.284	0.2634	0.2655	0.2802	0.3111	0.30345	0.3047	0.32895	0.36	0.4159	0.44385	0.559	0.5147	0.46675	0.54885	0.5884	0.70335	0.7547
2.0625		  0.161	1.5613	1.7099	1.6775	1.7368	1.72055	1.84075	1.81965	1.94365	2.00055	2.05295	2.13045	2.27585	2.41775	2.4191	2.52845	2.7408	2.9315	3.18805	3.39375
2.125		  1.468	3.7364	3.865	4.0187	4.1846	4.3182	4.4687	4.66375	4.8962	5.07995	5.2169	5.4382	5.62755	5.82155	6.00685	6.3056	6.90495	7.371	7.74955	8.325
2.1875		  3.742	4.0994	4.2569	4.5245	4.8007	5.09705	5.2589	5.54955	5.88345	6.1091	6.3307	6.61795	6.70295	6.9766	7.36565	7.6614	8.27365	8.8979	9.30645	10.0703
2.25		  4.668	2.7388	2.8399	3.0587	3.2315	3.4029	3.5855	3.778	3.89535	4.07315	4.2204	4.399	4.5274	4.70595	4.9209	5.1074	5.4479	5.85285	6.2105	6.59605
2.3125		  3.690	1.4482	1.4333	1.5335	1.5891	1.65125	1.7066	1.774	1.81245	1.9006	2.01065	2.04455	2.14215	2.20165	2.29775	2.349	2.4912	2.6752	2.92175	3.06435
2.375		  2.335	0.7597	0.731	0.7185	0.695	0.72985	0.72195	0.7399	0.7428	0.7781	0.84795	0.83235	0.90805	0.8571	0.92535	0.98915	0.94785	1.0155	1.1672	1.2302
2.4375		  1.021	0.4175	0.3869	0.3761	0.3431	0.34795	0.3418	0.36615	0.3332	0.324	0.37565	0.35135	0.4031	0.33895	0.3692	0.4311	0.40295	0.42475	0.5132	0.5353
2.5		  0.453	0.2693	0.2372	0.2299	0.2205	0.20485	0.20485	0.2013	0.1733	0.1735	0.18955	0.16815	0.2169	0.16905	0.18615	0.2325	0.18985	0.216	0.3031	0.27135
2.5625		  0.297	0.2634	0.2156	0.2076	0.1891	0.1669	0.1636	0.1739	0.14685	0.14165	0.15765	0.14265	0.1867	0.1402	0.15205	0.18385	0.17485	0.1927	0.2517	0.2316
2.625		  0.812	0.3508	0.2998	0.2877	0.2645	0.23575	0.2369	0.25905	0.2342	0.2272	0.24675	0.2408	0.2795	0.2385	0.2487	0.2999	0.30035	0.32885	0.38285	0.38785
2.6875		  1.719	0.4877	0.4545	0.4186	0.4011	0.3764	0.41605	0.429	0.4127	0.4263	0.4489	0.4597	0.51005	0.4828	0.5187	0.56375	0.59075	0.62655	0.7058	0.753
2.75		  1.969	0.6361	0.5771	0.5477	0.5699	0.5176	0.5748	0.59175	0.6004	0.61535	0.6695	0.6668	0.73005	0.6969	0.7729	0.8455	0.8816	0.95115	1.03765	1.1351
2.8125		  1.038	0.7387	0.6566	0.6294	0.6439	0.58435	0.6341	0.6303	0.6356	0.6832	0.7381	0.7027	0.8043	0.78415	0.8549	0.9192	0.96155	1.00975	1.12835	1.24045
2.875		  0.323	0.7885	0.7219	0.6665	0.651	0.61655	0.6305	0.63135	0.63375	0.6479	0.693	0.6858	0.76905	0.73835	0.77155	0.8414	0.8371	0.88545	1.00335	1.14195
2.9375		  0.078	0.8169	0.7881	0.7415	0.7067	0.68135	0.6676	0.64675	0.65975	0.6754	0.70085	0.6695	0.7535	0.72605	0.72285	0.80625	0.81535	0.83225	0.96455	1.05485
3		  0.007	0.8876	0.8562	0.8434	0.8068	0.7864	0.76625	0.7184	0.75755	0.75505	0.78525	0.78555	0.80415	0.8405	0.82705	0.8809	0.9114	0.94125	1.06235	1.17815
3.0625		  0.000	0.98	0.9358	0.9163	0.8755	0.8841	0.8711	0.81405	0.8781	0.85205	0.91035	0.9003	0.92515	0.9693	0.95705	0.99635	1.10655	1.1245	1.2335	1.3133
3.125		  0.000	1.0124	0.9995	0.978	0.9403	0.95405	0.94205	0.89395	0.95935	0.9675	0.98465	1.0038	1.0251	1.0631	1.05125	1.10455	1.2155	1.25755	1.3759	1.44545
3.1875		  0.000	1.0351	1.0131	1.0309	1.0076	0.99835	0.9831	0.9882	1.0271	1.024	1.0698	1.079	1.0771	1.14285	1.14565	1.193	1.2971	1.37085	1.514	1.55515
3.25		  0.003	1.0725	1.0236	1.056	1.0618	1.0648	1.05595	1.07505	1.07985	1.0989	1.1268	1.1667	1.15925	1.24465	1.27	1.30905	1.3832	1.5262	1.6065	1.66205
3.3125		  0.007	1.1351	1.1227	1.1438	1.1353	1.1271	1.11925	1.13565	1.14015	1.1608	1.1916	1.24085	1.24225	1.3065	1.37915	1.4286	1.5243	1.6474	1.6976	1.78755
3.375		  0.060	1.1962	1.1949	1.1522	1.1428	1.143	1.1358	1.16645	1.15685	1.15545	1.2084	1.21725	1.28735	1.2804	1.3457	1.41375	1.4785	1.6101	1.7167	1.77535
3.4375		  0.246	1.219	1.1983	1.1871	1.1489	1.12915	1.10655	1.10835	1.10625	1.0934	1.13295	1.1146	1.1935	1.1704	1.21575	1.3054	1.29955	1.39995	1.50005	1.61265
3.5		  0.822	1.2264	1.179	1.1541	1.1531	1.0611	1.08185	1.06	1.0366	1.02765	1.07145	1.011	1.08725	1.05875	1.08145	1.1708	1.1846	1.2258	1.3468	1.40155
3.5625		  1.630	1.198	1.2187	1.1386	1.1089	1.07085	1.04805	1.05825	1.0086	1.00885	0.996	1.0136	1.0415	1.03855	1.04075	1.10125	1.1135	1.12525	1.3158	1.34075
3.625		  2.103	1.1765	1.2243	1.1125	1.1336	1.09715	1.04845	1.0714	1.04445	1.03605	1.0338	1.0732	1.06365	1.08485	1.0735	1.11615	1.16725	1.17015	1.36815	1.357
3.6875		  2.066	1.1655	1.2057	1.1347	1.165	1.134	1.0911	1.09525	1.0926	1.0774	1.09345	1.11695	1.11985	1.13625	1.17485	1.2012	1.20295	1.2733	1.4365	1.4185
3.75		  1.701	1.1733	1.2184	1.1443	1.1874	1.17965	1.12415	1.13245	1.1223	1.12135	1.16755	1.17865	1.16845	1.1903	1.23915	1.2511	1.30085	1.3807	1.48255	1.52485
3.8125		  1.465	1.1605	1.2246	1.1595	1.184	1.1986	1.13545	1.14195	1.1563	1.15545	1.2082	1.20305	1.22505	1.23345	1.2721	1.2894	1.3831	1.4748	1.5181	1.5998
3.875		  1.296	1.1414	1.1733	1.1308	1.1523	1.16655	1.1534	1.15075	1.15295	1.1714	1.20295	1.2073	1.2471	1.2489	1.2572	1.3096	1.38235	1.495	1.5476	1.6309
3.9375		  1.202	1.1276	1.0934	1.0772	1.0983	1.15445	1.1266	1.11065	1.11705	1.1447	1.1701	1.18635	1.23985	1.23925	1.2561	1.3137	1.378	1.46875	1.5801	1.6211
4		  1.225	1.0828	1.0471	1.0352	1.0701	1.09085	1.10285	1.0496	1.0409	1.0992	1.119	1.1082	1.161	1.1629	1.1857	1.2128	1.3013	1.3674	1.4961	1.5147
4.0625		  1.091	1.0168	0.9882	0.9974	1.0178	1.0317	1.0488	1.01195	0.9942	1.02085	1.03245	1.02695	1.0719	1.08935	1.09385	1.14605	1.2001	1.29015	1.39955	1.42785
4.125		  1.049	0.934	0.9337	0.96	0.9666	0.956	0.94915	0.9616	0.94655	0.9427	0.9659	0.96465	1.01035	1.0089	0.98785	1.0713	1.11455	1.1616	1.26445	1.30275
4.1875		  1.069	0.8938	0.9079	0.9027	0.893	0.91805	0.90335	0.9035	0.88865	0.8918	0.90835	0.8956	0.9537	0.92945	0.90355	0.9775	1.02435	1.0595	1.13925	1.20955
4.25		  1.285	0.8586	0.8653	0.8597	0.8662	0.88315	0.85365	0.8532	0.84795	0.87115	0.8843	0.8644	0.90975	0.8618	0.86635	0.90655	0.967	0.97855	1.07775	1.10405
4.3125		  1.564	0.8286	0.8545	0.8553	0.8113	0.85015	0.8325	0.8236	0.8239	0.831	0.82475	0.8153	0.8692	0.8253	0.8373	0.879	0.9114	0.9314	1.0297	1.02155
4.375		  1.696	0.8133	0.8221	0.8646	0.8189	0.8365	0.8238	0.8136	0.8012	0.8255	0.78725	0.79655	0.8545	0.8021	0.83275	0.85515	0.88605	0.91565	0.99295	0.99795
4.4375		  1.691	0.8048	0.8424	0.87	0.8379	0.8403	0.82395	0.8054	0.7979	0.8221	0.784	0.8079	0.835	0.80615	0.82555	0.8351	0.86975	0.9044	0.96635	0.99695
4.5		  1.499	0.8103	0.84	0.8653	0.8313	0.82685	0.8357	0.82905	0.80755	0.82025	0.79545	0.82705	0.831	0.8101	0.81745	0.8404	0.8712	0.90415	0.97635	0.977
4.5625		  1.215	0.8436	0.859	0.9014	0.8315	0.84555	0.8539	0.84315	0.82985	0.8345	0.8216	0.8436	0.8519	0.83665	0.8595	0.85925	0.90275	0.91605	0.9707	1.00155
4.625		  0.888	0.8826	0.8849	0.9039	0.8794	0.87685	0.8852	0.89335	0.86435	0.86995	0.86255	0.87845	0.88455	0.8831	0.88705	0.9088	0.95035	0.94195	1.0224	1.07755
4.6875		  0.627	0.9325	0.9154	0.9494	0.9016	0.9106	0.9352	0.9378	0.91535	0.92285	0.90445	0.93625	0.9428	0.91855	0.93845	0.95815	1.00295	1.02005	1.11085	1.1465
4.75		  0.426	0.982	0.9524	0.981	0.9565	0.9485	1.00035	0.96415	0.9736	0.9714	0.96375	0.97355	0.99855	1.0087	1.0123	1.01765	1.06275	1.0961	1.16195	1.22035
4.8125		  0.340	1.0046	0.9616	1.0091	0.9919	0.97775	1.02825	0.984	1.01585	1.01825	1.00085	1.00715	1.0563	1.05965	1.05155	1.0838	1.08725	1.14065	1.1938	1.30605
4.875		  0.293	1.0257	0.9832	1.0095	1.0129	1.00355	1.0245	1.00185	1.0259	1.0224	1.01995	1.02575	1.068	1.0688	1.0696	1.07965	1.0787	1.1441	1.17335	1.2964
4.9375		  0.285	1.0287	1.0039	1.0146	1.0002	1.00615	1.0123	1.0019	1.0289	1.01395	1.0367	1.03095	1.03715	1.04895	1.0635	1.0654	1.0656	1.13035	1.16975	1.27185
5		  0.218	1.0222	1.0095	1.0276	1.0164	1.0176	1.01275	0.9975	1.01915	1.0134	1.01285	1.0098	1.0055	1.0411	1.05375	1.0666	1.0522	1.11295	1.1714	1.2425
5.0625		  0.173	1.0065	1.0479	1.0197	1.0217	1.0216	1.0267	0.99085	1.02975	1.01615	1.01765	1.0028	0.96995	1.04855	1.03405	1.055	1.0553	1.10555	1.1537	1.21845
5.125		  0.122	1.0221	1.0282	1.0101	1.0365	1.02395	1.033	1.00295	1.0289	1.01515	1.02415	1.02105	0.97165	1.05875	1.03055	1.05565	1.05885	1.1029	1.1568	1.21365
5.1875		  0.177	1.0215	1.0389	1.0197	1.0376	1.03285	1.0255	1.01635	1.0189	1.0083	1.01605	1.01335	0.9959	1.05525	1.0265	1.04895	1.03245	1.11255	1.1494	1.21515
5.25		  0.335	1.0339	1.0303	1.0381	1.0294	1.0407	1.01515	1.0183	1.01065	0.98705	0.98985	1.0167	0.99455	1.0206	1.00345	1.0228	1.02615	1.0885	1.128	1.1841
5.3125		  0.720	1.0367	1.0414	1.0516	1.0363	1.0201	1.0026	1.0196	1.00665	0.9615	0.97925	0.99355	0.9976	1.0143	0.9863	0.9992	1.0195	1.04515	1.0888	1.1456
5.375		  1.298	1.0467	1.0258	1.0364	1.0306	1.00395	0.98585	0.99155	0.9799	0.95725	0.9459	0.97315	0.9882	0.9831	0.9516	0.9847	0.9907	1.00115	1.04885	1.0968
5.4375		  1.484	1.0507	1.0201	0.9984	1.0129	0.99135	0.99035	0.97535	0.96445	0.94985	0.9289	0.9521	0.94315	0.95505	0.9494	0.9501	0.94805	0.98465	1.0147	1.04565
5.5		  1.526	1.0675	1.0178	1.0166	1.0024	0.9876	0.97955	0.97785	0.9525	0.9529	0.91605	0.927	0.93325	0.93435	0.9216	0.9498	0.91725	0.96945	0.9854	0.997
5.5625		  1.608	1.0453	1.0126	1.0107	1.0088	0.98635	0.98915	0.9609	0.953	0.94145	0.90755	0.92465	0.9345	0.9252	0.91625	0.94105	0.90915	0.9507	0.9667	0.989
5.625		  1.583	1.0277	1.0189	1.0019	0.9983	0.9843	0.9719	0.95775	0.9467	0.9441	0.9176	0.9083	0.9271	0.9064	0.9223	0.9387	0.9185	0.9417	0.9715	0.9732
5.6875		  1.449	0.9958	1.0042	1.0105	0.9974	0.98255	0.97575	0.9591	0.947	0.92095	0.9275	0.90405	0.9246	0.90715	0.91475	0.94045	0.9193	0.9382	0.9717	0.9728
5.75		  1.368	0.9666	0.9945	0.9859	0.9723	0.9689	0.96815	0.9578	0.92845	0.93635	0.93635	0.91495	0.92635	0.9013	0.92025	0.94405	0.9344	0.9417	0.97075	0.97205
5.8125		  1.204	0.9757	0.9714	0.9873	0.9719	0.96745	0.9665	0.9612	0.92965	0.93095	0.9434	0.9337	0.9381	0.89865	0.91355	0.9529	0.9352	0.94495	0.9693	0.97295
5.875		  1.080	0.9707	0.9799	0.9748	0.9782	0.9621	0.97065	0.9648	0.9401	0.93695	0.9498	0.9325	0.93725	0.9077	0.91305	0.94865	0.92245	0.95175	0.98295	0.9732
5.9375		  1.090	0.9671	0.9722	0.9657	0.9592	0.96435	0.9752	0.96305	0.94435	0.95345	0.9627	0.94175	0.93745	0.901	0.9112	0.94275	0.93505	0.9585	0.99125	0.96405
6		  1.138	0.9533	0.9764	0.942	0.9658	0.9511	0.9712	0.96415	0.95915	0.95215	0.9598	0.94635	0.9517	0.9055	0.90995	0.9385	0.9191	0.9342	0.9878	0.97965
6.0625		  1.134	0.9599	0.9705	0.9343	0.9541	0.94555	0.9639	0.95385	0.96995	0.9616	0.95345	0.9384	0.95815	0.9175	0.92195	0.92705	0.91345	0.9462	0.97515	0.9928
6.125		  1.156	0.9581	0.9797	0.943	0.9579	0.947	0.96675	0.94665	0.9697	0.9468	0.9464	0.93335	0.9548	0.9214	0.93335	0.9154	0.9149	0.946	0.97815	1.0012
6.1875		  1.250	0.9531	0.973	0.9337	0.9641	0.9568	0.9441	0.9534	0.972	0.94515	0.94905	0.9385	0.9331	0.93115	0.93135	0.9241	0.93155	0.9367	0.97225	0.99035
6.25		  1.265	0.943	0.9633	0.9464	0.9559	0.97485	0.9469	0.9604	0.96905	0.9589	0.956	0.93505	0.93235	0.92925	0.93825	0.9156	0.9328	0.92255	0.9826	0.99355
6.3125		  1.294	0.944	0.9864	0.9327	0.9483	0.9702	0.95245	0.9649	0.96765	0.9543	0.94255	0.949	0.94045	0.93885	0.92605	0.91885	0.93355	0.94195	0.97275	1.0003
6.375		  1.225	0.9486	0.9789	0.9645	0.9544	0.97215	0.9522	0.9597	0.95885	0.96075	0.9441	0.9543	0.93875	0.9405	0.91615	0.93525	0.91585	0.94565	0.9732	0.97325
6.4375		  1.190	0.973	0.9754	0.9724	0.9726	0.98585	0.9567	0.9699	0.9688	0.9665	0.94145	0.93885	0.94215	0.9394	0.92165	0.92585	0.9204	0.9536	0.9776	0.9813
6.5		  1.148	0.9747	0.9685	0.9855	0.9858	0.9725	0.97345	0.98685	0.97205	0.9625	0.953	0.9411	0.9625	0.93655	0.92845	0.94065	0.91685	0.9604	0.9654	0.9792
6.5625		  1.034	0.9888	0.9814	0.9818	0.9953	0.97645	0.984	0.98495	0.98605	0.95005	0.95955	0.95195	0.95785	0.9433	0.94055	0.94725	0.9269	0.94165	0.9663	0.97615
6.625		  0.822	0.9862	0.9862	0.991	0.9863	0.9899	0.98845	0.9973	0.97955	0.97005	0.9739	0.95685	0.962	0.94785	0.953	0.96075	0.93385	0.95565	0.9651	0.97805
6.6875		  0.663	0.9953	0.9957	1.0063	0.9844	0.9875	0.991	1.00245	0.9918	0.9815	0.96845	0.96785	0.9687	0.9496	0.96025	0.9693	0.9399	0.94595	0.9666	0.96965
6.75		  0.587	1.0213	1.0179	1.0106	0.9899	0.9938	1.0021	1.0166	1.01125	1.00765	0.9777	0.97025	0.9656	0.96775	0.9736	0.97045	0.9482	0.9657	0.94955	0.98665
6.8125		  0.631	1.0357	1.0208	1.0201	1.0025	0.99815	1.00355	1.0075	1.01385	1.0039	0.9805	0.98055	0.97775	0.9873	0.9783	0.98235	0.9636	0.96425	0.96615	0.97635
6.875		  0.757	1.0436	1.0196	1.0362	1.0339	1.01675	1.0157	1.00515	1.01045	1.0095	0.99465	0.9832	0.9789	1.0042	0.97305	0.9794	0.9682	0.96785	0.97325	0.9776
6.9375		  0.958	1.0479	1.0308	1.042	1.0427	1.02295	1.014	1.01455	1.0308	1.01475	1.0082	0.9963	0.9691	0.99975	0.9933	0.9898	0.982	0.99095	0.98895	0.9801
7		  1.037	1.0603	1.0421	1.037	1.0424	1.02885	1.0195	1.0185	1.0295	1.02325	1.0068	0.9943	0.9827	1.0091	0.9941	0.98875	0.9695	0.9701	0.9869	0.98435
7.0625		  1.029	1.0597	1.034	1.0376	1.0397	1.0388	1.0161	1.02355	1.03695	1.00785	1.00615	1.0124	0.97485	1.016	0.987	0.98585	0.9787	0.9795	0.98065	0.98935
7.125		  0.985	1.0659	1.0538	1.0624	1.0425	1.04655	1.0228	1.04245	1.03375	1.01695	1.0196	1.01055	0.98435	1.0057	1.00285	0.9918	0.9825	0.98285	0.99165	1.0062
7.1875		  0.981	1.0702	1.0594	1.0454	1.0428	1.0574	1.0314	1.0402	1.03005	1.0106	1.03735	1.01905	0.99425	0.99685	0.9977	1.00385	0.9885	0.9688	1.0112	0.9975
7.25		  1.060	1.0602	1.0494	1.059	1.0603	1.05505	1.04735	1.0464	1.0397	1.01605	1.02715	1.01915	1.0065	1.0123	1.013	1.0082	0.9826	0.98125	1.0009	0.99085
7.3125		  1.039	1.0463	1.0561	1.0731	1.0546	1.06085	1.04775	1.0497	1.04185	1.01895	1.022	1.02215	1.0163	1.00065	1.01565	1.01255	0.9798	0.9912	0.9938	0.99455
7.375		  1.032	1.0608	1.0514	1.0703	1.0614	1.0701	1.0498	1.05255	1.0449	1.02545	1.02765	1.0199	1.0155	1.00155	1.0158	1.00305	0.986	1.009	0.98935	0.9845
7.4375		  1.007	1.0513	1.0463	1.0566	1.0625	1.05855	1.0552	1.0478	1.04875	1.0294	1.0392	1.01475	1.0212	1.00155	1.0151	1.003	0.9867	0.9967	0.98345	0.9937
7.5		  1.003	1.049	1.0375	1.0484	1.0688	1.0527	1.05245	1.0506	1.042	1.02685	1.0355	1.03075	1.0186	0.99785	1.0122	1.0034	0.99125	0.9984	0.9786	1.004
7.5625		  1.112	1.0412	1.0324	1.0393	1.0627	1.05055	1.0492	1.05035	1.04805	1.0383	1.0398	1.0454	1.022	1.00335	1.0275	1.0274	0.9965	1.01335	0.9831	1.0032
7.625		  1.311	1.0318	1.0266	1.0488	1.0445	1.0491	1.05025	1.037	1.04365	1.0487	1.04425	1.05035	1.03585	1.00705	1.029	1.01535	1.00075	1.01575	1.00945	1.00805
7.6875		  1.418	1.0131	1.0221	1.0382	1.0519	1.0402	1.0462	1.0423	1.0392	1.05	1.0365	1.03845	1.03085	1.0109	1.0269	1.02655	1.00235	1.01705	1.0029	0.99685
7.75		  1.555	1.0029	1.0156	1.0319	1.0334	1.0398	1.03785	1.049	1.03765	1.05895	1.0419	1.03825	1.03145	1.00805	1.0218	1.01715	1.0039	0.9969	1.00355	0.9994
7.8125		  1.513	0.9981	1.0091	1.0311	1.0268	1.0341	1.0419	1.04785	1.0364	1.04825	1.03815	1.04165	1.0229	1.0122	1.0233	1.01005	0.9936	1.0002	0.99465	1.00245
7.875		  1.446	0.999	1.0049	1.018	1.0315	1.02625	1.03135	1.0439	1.03305	1.05075	1.03	1.04515	1.0255	1.0127	1.01515	1.0064	0.99405	0.99635	0.9948	1.0031
7.9375		  1.193	0.9924	0.9991	1.0218	1.0118	1.0185	1.0309	1.0269	1.0362	1.04255	1.03965	1.0385	1.00915	1.01015	1.0149	1.00585	0.9974	1.00115	0.9899	1.00285
8		  0.945	0.9793	1.004	1.0077	1.0127	1.01955	1.0204	1.0239	1.0265	1.0349	1.03565	1.0277	1.00815	1.0065	1.0052	1.00635	0.9951	0.98505	0.9867	0.99445
8.0625		  0.822	0.9829	1.0004	0.9963	1.001	1.01175	1.0157	1.0154	1.02525	1.03225	1.0321	1.0261	1.0028	0.99665	0.9965	0.9969	0.9926	0.9919	0.987	0.9902
8.125		  0.708	0.9779	1.0008	0.987	0.9946	1.01505	1.0163	1.0022	1.0209	1.0231	1.01675	1.0139	0.99645	1.00175	0.9892	0.98065	0.9897	0.98945	0.98375	0.98775
8.1875		  0.580	0.9663	0.9859	0.9796	0.9859	1.00995	1.00965	1.00385	1.0091	1.0136	1.0052	1.01015	0.9999	0.98325	0.9808	0.97465	0.9773	0.9763	0.98245	0.977
8.25		  0.494	0.9641	0.9767	0.9783	0.9775	1.0036	1.01155	1.00565	1.0128	1.00995	1.0047	0.99945	0.99575	0.98225	0.98885	0.9665	0.98325	0.9696	0.9816	0.9579
8.3125		  0.543	0.9616	0.9653	0.9782	0.9711	1.0049	1.00975	0.9973	1.01035	0.99945	1.00245	0.99375	0.979	0.9851	0.98655	0.96025	0.96645	0.97495	0.9504	0.94965
8.375		  0.739	0.9641	0.9622	0.9705	0.9646	0.9922	1.0113	1.006	0.99595	0.9975	0.99265	0.98455	0.98295	0.98925	0.97665	0.9481	0.9505	0.96845	0.94865	0.94715
8.4375		  0.915	0.9631	0.9543	0.9696	0.9693	0.98585	1.00025	1.00625	0.9961	0.99805	0.98735	0.98975	0.98345	0.98595	0.964	0.9548	0.95255	0.95015	0.9464	0.94315
8.5		  1.002	0.9685	0.9648	0.9733	0.9767	0.9796	1.0009	1.00535	0.99405	0.99925	0.98835	0.98815	0.9786	0.97005	0.97	0.9592	0.9464	0.94965	0.9551	0.93415
8.5625		  1.045	0.9761	0.9528	0.9827	0.9671	0.97565	0.9845	0.99735	0.9946	1.00305	0.98495	0.98965	0.9803	0.9745	0.962	0.9696	0.952	0.9509	0.9424	0.92295
8.625		  0.940	0.968	0.9507	0.9822	0.9673	0.97015	0.98105	0.98665	0.98955	1.01525	0.9903	0.99735	0.98405	0.9781	0.9687	0.96965	0.9522	0.94575	0.9444	0.9214
8.6875		  0.808	0.9644	0.9531	0.9844	0.97	0.97545	0.98045	0.98575	0.98585	1.00045	0.9878	1.00005	0.98465	0.9731	0.9787	0.96705	0.95385	0.94325	0.946	0.92235
8.75		  0.741	0.9708	0.9692	0.9849	0.9831	0.97405	0.98585	0.9962	0.98975	1.0003	0.98725	1.0043	0.97905	0.97025	0.97525	0.9737	0.9555	0.93595	0.9434	0.9289
8.8125		  0.670	0.9792	0.9856	0.98	0.9965	0.9786	0.98245	0.98825	0.9929	0.9992	0.99315	0.99955	0.96875	0.9776	0.9758	0.9737	0.97175	0.93135	0.94645	0.9325
8.875		  0.621	0.988	0.9947	0.976	0.9878	0.97755	0.97855	0.9877	0.9926	0.9979	0.99265	0.9998	0.96515	0.9807	0.98205	0.9748	0.9723	0.94085	0.9475	0.9249
8.9375		  0.604	0.994	0.9947	0.9879	0.99	0.9826	0.9776	0.99175	0.9902	0.9971	0.98685	1.0039	0.97375	0.9905	0.9847	0.9774	0.9653	0.9368	0.96265	0.93095
9		  0.622	0.9905	1.0062	0.9927	0.9962	0.97525	0.9785	0.9882	0.9911	0.99765	0.98605	1.00355	0.9727	0.98725	0.9831	0.98315	0.9622	0.9491	0.9601	0.9322
9.0625		  0.678	0.9894	1.0039	0.9931	0.997	0.9817	0.98885	0.99065	0.98465	0.99385	0.9886	0.99845	0.98695	0.98045	0.99785	0.98395	0.969	0.9464	0.94975	0.93685
9.125		  0.692	1.0005	1.012	0.9914	0.9882	0.9967	0.98235	0.9939	0.99285	0.99485	0.987	1.0047	0.9925	0.9873	1.00055	0.98535	0.96755	0.9521	0.9493	0.93965
9.1875		  0.720	1.0025	0.997	0.9931	0.9881	0.99095	0.9829	0.9926	0.99085	0.99455	0.9908	1.00115	0.99065	0.9839	0.99695	0.9868	0.97425	0.95565	0.95555	0.94485
9.25		  0.749	1.0058	0.9982	0.9955	0.9994	0.9952	0.98425	1.0025	0.989	0.99275	1.00045	1.00485	0.99715	0.9886	1.0026	0.9912	0.97395	0.9628	0.96245	0.944
9.3125		  0.806	1.0021	0.999	0.9937	1.0038	0.98835	0.9878	1.00235	0.98555	1.0007	1.00715	1.00915	0.99655	0.99515	1.001	0.98375	0.97785	0.9633	0.9663	0.94635
9.375		  0.989	1.004	1.0005	0.9905	0.9963	0.9886	0.98585	1.00305	0.99885	1.0063	1.0056	1.0088	1.0018	0.99365	1.0064	0.9817	0.9748	0.975	0.95975	0.94895
9.4375		  1.196	0.9983	1.0026	0.9939	0.9991	0.9949	0.99245	0.99965	1.0043	1.00255	1.00625	1.0055	0.99005	0.9945	1.00825	0.98905	0.9897	0.985	0.95185	0.94835
9.5		  1.380	0.9967	1.0044	0.9866	1.0045	0.99815	0.99835	0.9995	0.99825	0.9951	1.0056	1.00055	1.00245	0.99925	0.9968	0.99855	0.9909	0.9781	0.949	0.94755
9.5625		  1.532	1.0007	1.0117	1.0022	1.0035	0.999	1.00555	1.00205	1.00085	1.0073	1.0099	1.0141	1.0082	1.01055	0.9977	0.9938	0.99295	0.97785	0.9536	0.95945
9.625		  1.528	1.0101	1.0085	0.9943	1.0127	0.99925	1.00795	0.99305	1.0015	1.01235	1.00195	1.01055	1.0162	0.9957	0.994	0.991	0.9916	0.97015	0.95725	0.9508
9.6875		  1.489	1.0177	1.0017	1.003	1.0008	1.00865	1.00735	0.9943	0.99215	1.01575	1.00145	1.0082	1.00605	1.0062	0.992	0.98405	0.98905	0.97185	0.95555	0.9435
9.75		  1.401	1.0205	1.007	1.0073	1.0037	1.0051	1.0046	1.0001	1	1.0093	1.007	1.00615	1.0072	1.00995	0.9901	0.9878	0.99285	0.96975	0.95575	0.952
9.8125		  1.326	1.0197	1.0062	1.0009	0.9944	1.0114	0.9978	0.9925	1.00315	1.00625	1.0145	1.0122	1.0081	1.01015	0.99625	0.9867	0.99045	0.9659	0.96425	0.957
9.875		  1.256	1.0164	1.0005	0.9955	0.9979	1.01105	1.00405	1.0021	1.00735	1.0086	1.0124	1.00775	0.99575	1.0067	0.99415	0.99585	0.98405	0.96375	0.97145	0.94885
9.9375		  1.237	1.0145	1.0036	1.0038	1.0036	1.01045	1.0057	1.00625	1.00615	1.00525	1.0141	1.00525	0.99845	1.0071	0.99515	0.99945	0.9791	0.97525	0.97195	0.9558
10		  1.194	1.0135	1.0191	1.0173	1.0026	1.01065	1.0028	1.0154	0.99925	1.00465	1.00905	0.9992	0.99655	1.0075	0.98955	0.99755	0.98915	0.98385	0.9662	0.96155
10.0625		  1.216	1.0182	1.0172	1.0136	1.004	1.00935	1.00665	1.0076	1.0033	1.01	1.00455	1.01265	0.99275	1.004	0.99475	0.98975	0.99555	0.9821	0.96145	0.95015
10.125		  1.228	1.0202	1.0118	1.0084	1.0038	1.01215	1.01435	1.00305	1.0049	1.0112	1.00565	1.0026	0.9919	1.00625	1.00185	0.9863	0.98835	0.98155	0.9728	0.94755
10.1875		  1.206	1.013	1.0168	1.0026	1.0062	1.00425	1.0209	1.00235	1.002	1.0064	1.00765	1.0046	0.98715	1.0092	0.99145	0.9941	0.98435	0.98685	0.97395	0.9499
10.25		  1.160	1.0118	1.0125	1.0122	1.0074	1.0028	1.0184	1.00295	1.0115	0.9965	1.0024	0.99465	0.9894	1.0056	0.99545	0.98505	0.9875	0.9854	0.9606	0.94735
10.3125		  1.022	1.0121	1.0088	1.0182	1.0013	0.9919	1.01565	1.0033	1.0052	1.00035	1.00325	0.995	1.00175	1.0083	0.9975	0.99125	0.9875	0.99365	0.9603	0.9528
10.375		  0.850	1.0077	1.0047	1.0173	1.0093	0.9914	0.9978	1.00035	1.0013	1.0091	0.99915	0.99225	0.9993	1.00135	0.9968	0.99535	0.98845	0.9915	0.95185	0.95735
10.4375		  0.708	1.0074	1.0063	1.007	1.0083	0.9986	1.001	0.9993	1.00435	1.00645	0.9988	0.9988	0.99765	0.9991	0.99395	0.99775	0.9826	0.98745	0.95305	0.95995
10.5		  0.544	1.0059	1.0052	1.0118	1.0089	0.9979	0.9954	1.0016	0.9977	1.0054	1.00275	1.00095	1.0016	1.00765	0.9983	0.9967	0.9903	0.98225	0.9598	0.95455
10.5625		  0.459	1.0034	1.0089	1.003	1.0067	0.99735	0.9931	1.0107	0.99455	1.0036	1.00555	0.9938	1.00795	1.0079	1.0043	0.9963	0.9879	0.9747	0.9617	0.9573
10.625		  0.472	1.01	1.0051	1.0035	1.0117	0.99815	0.99525	1.00645	0.99385	1.0064	1.00125	0.99625	1.006	1.004	1.0001	0.9927	0.9863	0.96905	0.9526	0.95865
10.6875		  0.601	1.0087	1.0094	0.9957	1.0169	0.99905	0.99295	1.00195	0.98905	1.00235	1.004	0.99965	1.00315	1.0115	0.99765	0.98965	0.9897	0.97695	0.95225	0.9598
10.75		  0.796	0.9995	1.0063	1.0035	1.0093	0.99855	0.9925	0.98795	0.98125	0.99725	1.00055	1.00105	0.995	1.0115	1.0013	0.97945	0.9865	0.97465	0.95615	0.95565
10.8125		  1.014	0.9937	0.9935	1.0001	0.9995	1.0026	0.9938	0.98785	0.9807	0.9848	0.99365	0.9975	0.98985	1.00635	0.9956	0.9833	0.9874	0.96735	0.9532	0.95505
10.875		  1.082	0.9865	0.9927	1.0085	0.9878	1.0038	0.9902	0.9874	0.9803	0.97325	0.99	1.00685	0.98625	1.0029	0.9922	0.98655	0.99905	0.97565	0.95195	0.9473
10.9375		  1.125	0.9866	0.9923	0.9976	0.9826	1.0023	0.99795	0.9834	0.98495	0.9796	0.9895	1.0033	0.98245	1.0003	0.9868	0.9814	0.99475	0.97555	0.94995	0.9467
11		  1.128	0.9801	0.9923	0.9927	0.9908	0.9982	0.99335	0.982	0.9805	0.97925	0.9906	0.997	0.98285	0.99665	0.9866	0.97795	0.99205	0.9672	0.94985	0.94535
11.0625		  1.138	0.9742	0.9928	0.9972	1.0007	0.9975	0.9938	0.9845	0.9796	0.97845	0.98805	0.9904	0.9883	0.9896	0.99065	0.96905	0.97705	0.95885	0.95025	0.944
11.125		  1.137	0.9888	1.0028	0.9951	0.995	0.99395	0.99305	0.9735	0.98145	0.9799	0.98905	0.9794	0.9876	0.9891	0.9897	0.95875	0.9776	0.97005	0.957	0.9398
11.1875		  1.078	0.9827	0.9985	0.9835	0.9934	0.9941	0.9909	0.97365	0.99155	0.98035	0.9908	0.9839	0.9907	0.99055	0.98005	0.96075	0.97545	0.975	0.96015	0.9343
11.25		  0.971	0.9765	0.9936	0.9782	0.9974	0.9944	0.9953	0.9797	0.9897	0.97675	0.98845	0.9744	0.9896	0.97555	0.98115	0.966	0.97095	0.9807	0.96355	0.93805
11.3125		  0.927	0.9782	0.9841	0.9811	0.9885	0.99	0.99245	0.97875	0.9861	0.9737	0.9884	0.97255	0.9926	0.9778	0.98345	0.9622	0.96895	0.98105	0.95315	0.9263
11.375		  0.932	0.9794	0.9844	0.9776	0.9929	0.9892	0.98935	0.98095	0.98775	0.97765	0.99	0.97115	0.9917	0.97885	0.9838	0.9685	0.97665	0.9831	0.94435	0.93165
11.4375		  0.922	0.9738	0.9857	0.9776	1.0056	0.9879	0.988	0.9851	0.9959	0.9827	0.9829	0.975	0.98735	0.9798	0.98255	0.9738	0.9671	0.9629	0.94175	0.9258
11.5		  0.922	0.9744	0.985	0.9869	0.9993	0.9854	0.9914	0.99315	0.998	0.9812	0.98205	0.9703	0.9852	0.9791	0.9782	0.9784	0.97075	0.96145	0.9388	0.9339
11.5625		  0.926	0.9758	0.9759	0.9856	0.9906	0.99345	0.9925	0.9921	0.99795	0.979	0.98095	0.9727	0.9785	0.9838	0.98265	0.96615	0.97825	0.9658	0.94315	0.9379
11.625		  0.928	0.9924	0.9786	0.9875	0.9939	0.9928	0.99445	0.9897	0.9945	0.9861	0.98565	0.97735	0.99245	0.9801	0.973	0.9774	0.97385	0.9598	0.94745	0.9421
11.6875		  0.962	1.0015	0.9832	0.9819	0.9908	0.9906	0.99485	0.99165	0.99085	0.9832	0.98605	0.9824	0.99275	0.98165	0.97445	0.9737	0.96655	0.95335	0.94925	0.9441
11.75		  0.968	1.0083	0.9853	0.9775	0.9815	0.9909	0.996	0.9912	0.9934	0.9799	0.98135	0.97265	0.9869	0.97935	0.98085	0.97215	0.9678	0.95675	0.9522	0.9433
11.8125		  0.937	1.0028	0.992	0.978	0.9779	0.99365	0.9935	0.9928	0.99155	0.9848	0.98185	0.9756	0.9821	0.9859	0.97405	0.97315	0.96805	0.97345	0.94955	0.94275
11.875		  0.884	1.0077	0.9922	0.9801	0.9809	0.97945	0.9899	1.0017	0.9888	0.98525	0.9799	0.9819	0.9807	0.9919	0.9701	0.97765	0.9691	0.9662	0.955	0.9434
11.9375		  0.867	1.0056	1.0033	0.9893	0.9695	0.97575	0.987	0.9974	0.9928	0.9776	0.9797	0.97615	0.9878	0.98355	0.9738	0.97865	0.9706	0.95925	0.95315	0.94845
12		  0.929	1.0131	1.0022	0.9954	0.9795	0.9815	0.98335	0.9997	0.99185	0.9774	0.98115	0.9775	0.98465	0.98425	0.97645	0.97515	0.98	0.96445	0.95195	0.95435
12.0625		  1.028	1.0095	1.0005	1.0116	0.9714	0.9835	0.983	0.9984	0.9903	0.9799	0.9837	0.97975	0.988	0.97765	0.9709	0.9781	0.9821	0.9632	0.9487	0.94215
12.125		  1.122	1.0076	0.9938	1.0153	0.9836	0.9823	0.98865	0.99805	0.9875	0.98355	0.981	0.98265	0.9899	0.9888	0.9704	0.9801	0.9836	0.9621	0.9374	0.94475
12.1875		  1.176	1.0034	0.9965	1.0061	0.9896	0.98075	0.99175	0.99075	0.98945	0.98905	0.9866	0.98605	0.986	0.99925	0.9757	0.9863	0.98345	0.95965	0.9393	0.94675
12.25		  1.194	0.9988	0.9898	0.9992	0.9973	0.9796	0.9867	0.98755	0.9857	0.99825	0.99055	0.9827	0.98815	0.9908	0.9787	0.9777	0.9774	0.9705	0.9483	0.9512
12.3125		  1.137	1.0005	1.0004	1.0024	1.0068	0.98865	0.9812	0.991	0.9878	1.00015	0.98735	0.98515	0.9872	0.9975	0.9799	0.98135	0.97865	0.97525	0.9457	0.9525
12.375		  1.036	1.0057	0.9998	1.0038	1.0132	0.9958	0.98255	0.9845	0.9878	0.9967	0.9903	0.98605	0.9873	0.9883	0.97635	0.98295	0.98165	0.97875	0.95255	0.9532
12.4375		  0.881	1.0032	0.9997	1.0024	1.0141	1.009	0.98455	0.9825	0.9858	0.997	0.98995	0.99655	0.9946	0.99135	0.9797	0.9872	0.9876	0.97435	0.95705	0.94445
12.5		  0.743	0.9993	1.0084	1.0027	1.0049	1.01505	0.9881	0.98345	0.9883	1.0013	0.9924	1.00155	0.99605	0.99655	0.98635	0.9788	0.98825	0.97675	0.95375	0.94585
12.5625		  0.660	0.9945	1.0101	1.0065	1.0088	1.0094	0.99485	0.98	0.9952	0.9918	1.00145	0.99795	0.9949	0.9945	0.9904	0.9812	0.98435	0.9767	0.949	0.9561
12.625		  0.729	0.991	0.9979	1.003	1.0119	1.00545	1.0009	0.9777	0.9901	0.9976	1.0011	0.9975	0.99465	0.98625	0.99335	0.9788	0.9825	0.9813	0.9509	0.94795
12.6875		  0.927	0.9967	0.9938	1.0001	1.0058	1.0081	1.00435	0.9846	0.98595	0.99805	0.99815	0.9974	0.99515	0.9877	0.9893	0.98095	0.98165	0.97915	0.94605	0.93275
12.75		  1.163	0.9981	0.9985	0.9947	1.0063	1.00755	1.00535	0.98945	0.99005	0.9929	0.9981	0.99765	0.9982	0.9952	0.9931	0.9791	0.987	0.97715	0.95305	0.9403
12.8125		  1.353	0.9925	0.9966	0.993	1.0001	1.00725	1.0016	0.99885	0.98755	0.98935	0.9964	0.99645	1.00275	0.9997	0.99605	0.98255	0.9875	0.9781	0.96005	0.9547
12.875		  1.388	0.9913	0.997	0.9967	0.992	1.0069	1.00225	1.0052	0.9871	0.984	0.9955	0.98895	0.99915	0.9921	0.99225	0.9799	0.98265	0.9755	0.95745	0.95695
12.9375		  1.308	0.9886	0.9999	1.0017	0.9857	1.0017	1.0037	1.01045	0.9969	0.98755	0.9934	0.985	0.9966	0.9956	0.9939	0.981	0.9793	0.9821	0.9563	0.9489
13		  1.177	0.9974	1.0021	0.9944	0.9974	1.0022	1.0035	1.01	1.01045	0.98095	0.9924	0.9846	0.9972	0.99505	0.9919	0.9736	0.9901	0.97595	0.95685	0.9481
13.0625		  1.065	0.9896	0.9982	0.992	0.9904	0.99495	1.00565	1.00965	1.0179	0.984	0.9846	0.98805	0.9892	0.9986	0.99695	0.9836	0.98785	0.97525	0.9617	0.944
13.125		  0.958	0.9848	0.9948	0.9932	0.9863	0.9965	1.0044	1.0092	1.01665	0.99315	0.97695	0.9855	0.99205	0.99915	1.00285	0.9838	0.984	0.97505	0.96735	0.9433
13.1875		  0.911	0.9756	0.9947	0.988	0.9862	0.9933	1.006	1.00755	1.0149	0.998	0.9753	0.985	0.99635	0.9967	1.00735	0.97795	0.9778	0.97395	0.9707	0.9508
13.25		  0.881	0.979	0.9884	0.9824	0.9952	0.9896	1.0081	1.0072	1.00775	1.00085	0.9836	0.9859	0.9926	0.99675	1.0075	0.9845	0.98465	0.97925	0.9626	0.9592
13.3125		  0.923	0.9734	0.9815	0.9751	0.9934	0.9943	1.0042	1.00725	1.00415	1.0073	0.98385	0.9848	0.98835	0.9985	1.0043	0.99305	0.98635	0.97815	0.9557	0.9607
13.375		  0.996	0.9738	0.9775	0.9821	0.9954	0.99425	1.00125	1.0047	1.00455	1.01115	0.99575	0.9849	0.9909	0.9907	1.0017	0.99125	0.9898	0.97675	0.9572	0.9583
13.4375		  1.127	0.9739	0.9795	0.9865	0.9965	0.9948	0.9972	1.00445	1.00475	1.0061	1.00555	0.9878	0.98665	0.99455	0.9964	0.988	0.98365	0.97395	0.95955	0.9626
13.5		  1.203	0.9769	0.9772	0.9926	0.9969	0.9959	0.9957	0.99715	1.0027	0.9994	1.0085	0.98595	0.99015	0.9946	0.99105	0.99385	0.98475	0.97845	0.9546	0.9691
13.5625		  1.162	0.979	0.9776	0.9898	0.988	0.9944	0.9919	0.9979	0.99985	1.00285	1.00785	0.99665	0.98965	0.99125	0.98985	0.994	0.9861	0.98145	0.9488	0.96965
13.625		  1.115	0.9736	0.98	0.9849	0.9847	0.9933	0.98425	0.99855	0.99625	1.0012	1.01135	1.00685	0.99215	0.9851	0.9948	0.99925	0.99075	0.9795	0.9536	0.96095
13.6875		  1.074	0.9757	0.973	0.9832	0.9858	0.9895	0.986	1	0.99015	1.00085	1.0109	1.00985	0.9878	0.9842	0.9925	0.9933	0.994	0.97655	0.95715	0.9566
13.75		  0.993	0.9732	0.968	0.9799	0.9812	0.9877	0.98285	0.99825	0.9954	1.0008	1.00745	1.0105	0.9935	0.9795	0.9874	0.99095	0.99765	0.9779	0.96255	0.9655
13.8125		  0.830	0.9732	0.9672	0.9839	0.9772	0.98945	0.98635	0.99445	0.9974	1.00285	1.00235	1.0086	0.99585	0.9793	0.98625	0.99135	0.9862	0.981	0.9596	0.9605
13.875		  0.710	0.9768	0.9629	0.985	0.9816	0.9893	0.9893	0.99565	0.9991	0.9975	0.9986	1.00395	1.0042	0.9838	0.98175	0.99575	0.99045	0.9808	0.95475	0.96015
13.9375		  0.602	0.9807	0.9691	0.9812	0.9788	0.98325	0.9888	0.9935	0.9972	1.00165	0.9934	1.007	1.0117	0.9939	0.98415	0.99045	0.9927	0.97655	0.9538	0.96165
14		  0.527	0.9816	0.9739	0.9767	0.973	0.9809	0.9906	0.99135	0.9897	1.0036	0.99325	1.00885	1.012	1.001	0.98375	0.99125	0.99145	0.97635	0.9577	0.9648
14.0625		  0.504	0.9864	0.9727	0.9811	0.9696	0.981	0.98785	0.99045	0.99005	1.00115	0.99315	1.00665	1.0144	1.00685	0.98565	0.9847	0.98965	0.97485	0.96335	0.96335
14.125		  0.549	0.9789	0.973	0.977	0.9749	0.98455	0.9872	0.98895	0.9943	0.99785	0.9906	1.0047	1.0142	1.00635	0.98875	0.9788	0.98815	0.97685	0.95835	0.95585
14.1875		  0.655	0.9789	0.9712	0.9761	0.9787	0.98355	0.9865	0.98835	0.99405	0.99425	0.99275	1.0043	1.0118	1.00405	0.9997	0.98085	0.9932	0.97655	0.96385	0.96425
14.25		  0.822	0.9778	0.9741	0.9817	0.9782	0.9829	0.99235	0.9858	0.99605	1.00065	0.992	1.00735	1.0101	1.00585	1.0165	0.97835	0.9921	0.9761	0.96825	0.96105
14.3125		  1.021	0.983	0.9723	0.9745	0.9794	0.98505	0.99285	0.98125	0.99035	0.99905	0.9944	0.99725	1.0031	1.0037	1.02335	0.98355	0.99665	0.97035	0.96985	0.9654
14.375		  1.144	0.9826	0.9812	0.9736	0.986	0.9831	0.98195	0.98495	0.994	0.9991	0.9944	0.9973	0.9981	1.0079	1.01975	1.00095	0.9963	0.9778	0.9689	0.96255
14.4375		  1.257	0.9827	0.9789	0.9779	0.9836	0.97925	0.9837	0.98625	0.9942	0.9947	0.9965	0.99475	1.0028	1.0079	1.02235	1.015	0.99235	0.98765	0.9709	0.95725
14.5		  1.268	0.9836	0.9773	0.9761	0.9866	0.98345	0.9792	0.98525	0.9913	0.99655	0.99265	0.9997	1.0013	1.00415	1.0181	1.0181	0.9886	0.98875	0.97475	0.9595
14.5625		  1.218	0.9847	0.9822	0.9782	0.9844	0.98425	0.97585	0.98615	0.9918	0.99685	0.9981	0.99575	0.99415	0.9982	1.0159	1.02325	0.98945	0.9881	0.9692	0.9559
14.625		  1.128	0.9869	0.9824	0.9787	0.9839	0.98385	0.9778	0.9884	0.98705	0.99215	0.99265	0.9979	0.9987	1.00015	1.0176	1.0203	0.9793	0.9836	0.96945	0.9615
14.6875		  1.028	0.9871	0.9916	0.978	0.9873	0.98145	0.9839	0.98995	0.9912	0.99805	0.9967	0.99455	0.99885	0.99335	1.01455	1.01855	0.98505	0.98325	0.97835	0.96735
14.75		  0.978	0.991	1.0022	0.9795	0.9838	0.9856	0.9878	0.99355	0.9901	0.99665	0.9959	0.9966	0.99105	0.99055	1.0101	1.01635	0.9969	0.98205	0.9796	0.9727
14.8125		  0.911	0.9932	1.0069	0.9839	0.9771	0.9812	0.98745	0.9871	0.9859	0.99265	0.99695	0.99585	0.992	0.99775	1.01265	1.01035	1.0088	0.9859	0.98385	0.97695
14.875		  0.894	0.9928	0.9979	0.9827	0.9857	0.9805	0.9857	0.98765	0.9861	0.9901	0.9973	0.99295	0.99575	1.00255	1.0119	1.00655	1.01945	0.987	0.9853	0.96975
14.9375		  0.894	0.9928	0.9902	0.9866	0.9888	0.97635	0.98655	0.98915	0.98795	0.99155	0.99635	0.98785	0.9976	1.0006	1.0054	1.00605	1.0246	0.9813	0.98945	0.9774
15		  0.880	0.9843	0.9921	0.9864	0.9928	0.97715	0.98745	0.98505	0.98945	0.9914	0.98815	0.99065	0.9948	1.00295	1.0066	1.00855	1.02	0.9838	0.9866	0.98055
15.0625		  0.845	0.9844	0.9908	0.9848	0.9906	0.9778	0.9883	0.98455	0.99095	0.9883	0.98645	0.9842	0.99575	1.0024	0.99805	1.00325	1.00925	0.98415	0.9895	0.98435
15.125		  0.894	0.9871	0.9959	0.9863	0.9825	0.98045	0.9847	0.9837	0.98915	0.9896	0.9834	0.98585	0.99255	1.00285	0.9962	1.001	1.0172	0.98935	0.98935	0.984
15.1875		  1.001	0.9841	1.0008	0.9981	0.9907	0.98245	0.98475	0.9805	0.99155	0.98765	0.99055	0.98625	0.99215	0.9973	0.999	0.99995	1.0072	0.99435	0.9883	0.9816
15.25		  1.152	0.9905	0.9986	0.9917	0.9945	0.9887	0.98275	0.9848	0.98495	0.985	0.9835	0.9914	0.9908	0.9962	1.00035	1.0016	1.0071	1.00445	0.98565	0.9881
15.3125		  1.263	0.9948	1.0009	0.9941	0.9957	0.9909	0.9786	0.9949	0.9814	0.98585	0.9884	0.9925	0.99165	0.9988	1.0005	0.99875	1.0081	1.0051	0.97575	0.98855
15.375		  1.319	0.9983	0.9989	0.9995	0.9918	0.99245	0.9828	0.9886	0.9803	0.99215	0.98755	0.99625	0.9931	0.9923	1.0064	1.00285	1.0127	1.0041	0.97655	0.9863
15.4375		  1.262	0.9989	0.9984	0.9962	0.9951	0.99255	0.9825	0.98555	0.9854	0.9957	0.98395	0.9999	0.9944	0.98885	1.00185	1.00225	1.0077	1.0042	0.9806	0.98765
15.5		  1.196	0.9972	0.9975	0.9985	0.9982	0.9985	0.97885	0.98665	0.98595	0.9922	0.98415	0.9938	0.9976	0.9861	0.99735	1.00145	1.00465	1.0069	0.9821	0.98705
15.5625		  1.087	0.9983	0.9919	0.9984	0.9889	0.99205	0.97815	0.9854	0.987	0.98955	0.9845	0.99425	0.99385	0.9876	0.99335	1.00095	1.00005	1.00825	0.9982	0.9845
15.625		  0.997	1.0002	0.9934	1.0014	0.9888	0.99335	0.97785	0.98395	0.9848	0.9851	0.98725	0.9933	0.99185	0.98565	0.9947	1.0013	0.999	1.0047	1.00965	0.98625
15.6875		  0.953	1.008	0.9918	1.0008	0.9935	0.994	0.97935	0.9853	0.98585	0.9833	0.98755	0.99105	0.9888	0.99195	0.9957	0.99465	0.9987	1.0047	1.02285	0.98555
15.75		  0.877	1.0092	0.9897	0.9979	0.9925	0.996	0.9866	0.9833	0.98665	0.9813	0.9912	0.9913	0.98805	0.99385	0.9917	0.98975	1.0012	1.0009	1.0203	0.9819
15.8125		  0.796	1.0128	0.9931	1.0042	1.0015	0.9962	0.9931	0.9865	0.9877	0.9808	0.99345	0.9909	0.98625	0.9955	0.99245	0.99075	1.0056	1.00035	1.0165	0.9784
15.875		  0.740	1.0079	1.0031	0.999	0.998	0.99965	0.9955	0.98645	0.9875	0.98205	0.99735	0.9929	0.9838	0.9901	0.98745	0.9937	1.00115	0.9984	1.01715	0.9796
15.9375		  0.697	0.9934	1.0067	1.0035	0.9914	0.99565	1.00015	0.9866	0.99065	0.9858	0.99875	0.99435	0.98885	0.9903	0.98765	0.9989	1.00105	0.99375	1.0103	0.98255
16		  0.649	0.9964	1.0085	0.9974	0.9942	0.9949	0.9969	0.9874	0.9922	0.98515	0.99445	0.99245	0.985	0.989	0.9842	0.9924	1.00065	0.9985	1.0125	0.9952
