0.0625		  0.000	0	0	0	0	0	0	0	0
0.125		  0.000	0	0	0	0	0	0	0	0
0.1875		  0.000	0	0	0	0	0	0	0	0
0.25		  0.000	0	0	0	0	0	0	0	0
0.3125		  0.000	0	0	0	0	0	0	0	0
0.375		  0.000	0	0	0	0	0	0	0	0
0.4375		  0.000	0	0	0	0	0	0	0	0
0.5		  0.000	0	0	0	0	0	0	0	0
0.5625		  0.000	0	0	0	0	0	0	0	0
0.625		  0.000	0	0	0	0	0	0	0	0
0.6875		  0.000	0	0	0	0	0	0	0	0
0.75		  0.000	0	0	0	0	0	0	0	0
0.8125		  0.000	0	0	0	0	0	0	0	0
0.875		  0.000	0	0	0	0	0	0	0	0
0.9375		  0.000	0	0	0	0	0	0	0	0
1		  0.000	0	0	0	0	0	0	0	0
1.0625		  0.000	0	0	0	0	0	0	0	0
1.125		  0.000	0	0	0	0	0	0	0	0
1.1875		  0.000	0	0	0	0	0	0	0	0
1.25		  0.000	0	0	0	0	0	0	0	0
1.3125		  0.000	0	0	0	0	0	0	0	0
1.375		  0.000	0	0	0	0	0	0	0	0
1.4375		  0.000	0	0	0	0	0	0	0	0
1.5		  0.000	0	0	0	0	0	0	0	0
1.5625		  0.000	0	0	0	0	0	0	0	0
1.625		  0.000	0	0	0	0	0	0	0	0
1.6875		  0.000	0	0	0	0.0003	0.0008	0.0003	0.0016	0.0051
1.75		  0.003	0.0099	0.0068	0.012	0.0112	0.0462	0.0385	0.1063	0.2384
1.8125		  0.206	0.25	0.31	0.337	0.3959	0.4466	0.4386	0.5983	0.7227
1.875		  1.445	1.5834	1.8022	2.0562	2.4029	2.5371	2.9068	3.1796	3.4008
1.9375		  2.434	2.9331	3.1607	3.4229	3.6974	4.0539	4.4647	4.8319	5.1025
2		  3.264	2.9446	3.0906	3.185	3.4305	3.4955	3.7973	4.2032	4.5181
2.0625		  3.258	2.3504	2.3486	2.3445	2.3272	2.2684	2.5154	2.5713	2.8809
2.125		  1.970	1.622	1.5837	1.5038	1.2896	1.2772	1.3203	1.3366	1.4146
2.1875		  0.833	0.9984	0.8993	0.8195	0.715	0.7103	0.6638	0.6364	0.6061
2.25		  0.395	0.5781	0.5049	0.464	0.396	0.3767	0.3412	0.3179	0.2781
2.3125		  0.302	0.3583	0.3224	0.3052	0.2288	0.2004	0.1846	0.1568	0.1344
2.375		  0.398	0.4176	0.3407	0.2792	0.2123	0.1597	0.1569	0.1089	0.097
2.4375		  0.546	0.595	0.4965	0.3949	0.296	0.2694	0.248	0.2126	0.2029
2.5		  0.546	0.857	0.7004	0.5802	0.4877	0.4573	0.4522	0.4027	0.3801
2.5625		  0.558	1.0572	0.8843	0.7828	0.7343	0.6873	0.6594	0.6	0.6048
2.625		  0.729	1.2385	1.0962	1.0288	1.0056	0.9629	0.9134	0.9019	0.8979
2.6875		  1.172	1.3521	1.3037	1.2815	1.2648	1.2864	1.212	1.2479	1.2572
2.75		  1.557	1.3886	1.4434	1.4599	1.5166	1.5183	1.4294	1.4981	1.5666
2.8125		  1.854	1.3907	1.4432	1.4926	1.5756	1.5231	1.517	1.5942	1.6559
2.875		  1.875	1.2712	1.3693	1.3868	1.4598	1.4471	1.4646	1.5536	1.5905
2.9375		  1.426	1.127	1.2296	1.2538	1.2716	1.3149	1.346	1.3974	1.4721
3		  1.006	0.9948	1.0678	1.0943	1.1218	1.1113	1.2025	1.2817	1.3734
3.0625		  0.662	0.8679	0.934	0.9574	0.9753	0.9638	1.0827	1.1428	1.2174
3.125		  0.470	0.7796	0.815	0.8128	0.8545	0.8453	0.8908	0.967	1.0422
3.1875		  0.411	0.7403	0.7323	0.7504	0.7601	0.7624	0.7964	0.7935	0.8605
3.25		  0.481	0.7208	0.7182	0.7074	0.7146	0.6866	0.7547	0.7024	0.7395
3.3125		  0.533	0.7146	0.714	0.6805	0.675	0.644	0.6682	0.6252	0.6218
3.375		  0.586	0.7187	0.6911	0.6554	0.6451	0.5984	0.593	0.5581	0.5486
3.4375		  0.520	0.7169	0.7008	0.6702	0.6315	0.5855	0.5741	0.53	0.5301
3.5		  0.448	0.7559	0.7214	0.7285	0.6703	0.6303	0.5799	0.554	0.5539
3.5625		  0.470	0.8184	0.7497	0.7823	0.7347	0.6867	0.6384	0.6237	0.6002
3.625		  0.569	0.8984	0.8155	0.8948	0.8267	0.7838	0.723	0.7193	0.6892
3.6875		  0.686	0.9578	0.9436	0.9679	0.9521	0.9155	0.8299	0.833	0.8188
3.75		  0.875	1.0498	1.0497	1.0664	1.0616	1.0637	0.9568	0.9574	0.975
3.8125		  1.141	1.1359	1.1153	1.1102	1.1424	1.147	1.0805	1.0585	1.05
3.875		  1.452	1.1762	1.1539	1.1229	1.1649	1.15	1.0834	1.0707	1.1232
3.9375		  1.806	1.1762	1.1523	1.1372	1.1321	1.1213	1.058	1.0548	1.0847
4		  1.633	1.1561	1.1291	1.0929	1.0966	1.0851	1.0396	1.0114	1.048
4.0625		  1.372	1.0508	1.0715	1.0268	1.058	1.0101	0.9993	0.939	0.9911
4.125		  1.293	0.99	0.9902	0.9652	0.9825	0.9451	0.9545	0.9049	0.9115
4.1875		  1.309	0.9462	0.9399	0.9319	0.9415	0.9384	0.9157	0.881	0.8708
4.25		  1.324	0.9454	0.9475	0.9534	0.9498	0.9393	0.9286	0.9055	0.8993
4.3125		  1.402	0.9788	0.9683	0.9811	0.9641	0.9819	0.9384	0.9427	0.9425
4.375		  1.434	1.0153	1.0075	1.0177	0.9859	1.0222	0.9744	0.9911	0.97
4.4375		  1.394	1.0255	1.0491	1.0469	1.021	1.0548	1.0127	1.0218	1.0223
4.5		  1.285	1.0482	1.083	1.0494	1.0369	1.0543	1.0262	1.0215	1.0691
4.5625		  1.091	1.0572	1.0844	1.0642	1.0438	1.0624	1.0582	1.0614	1.0859
4.625		  0.923	1.053	1.0549	1.0533	1.049	1.0515	1.0564	1.0786	1.0719
4.6875		  0.858	1.0373	1.0284	1.0243	1.0298	1.0457	1.0681	1.0677	1.0481
4.75		  0.758	1.0364	1.0269	1.0247	1.0054	1.0161	1.0372	1.0492	1.0422
4.8125		  0.731	1.0378	1.0287	1.0139	0.9933	1.006	1.0453	1.0454	1.0505
4.875		  0.651	1.0273	1.0322	1.0094	1.0003	1.0161	1.0485	1.0185	1.0412
4.9375		  0.616	1.0228	1.0522	1.03	1.0097	1.0057	1.0427	1.0367	1.0333
5		  0.649	1.0142	1.0652	1.0335	1.0305	1.006	1.0336	1.0275	1.0362
5.0625		  0.696	1.0253	1.0562	1.0494	1.0457	1.0206	1.0336	1.018	1.0203
5.125		  0.787	1.0497	1.0473	1.0508	1.0638	1.0365	1.0403	1.0237	1.0075
5.1875		  0.910	1.0717	1.0594	1.0582	1.0733	1.0492	1.0458	1.0235	1.0368
5.25		  1.037	1.0694	1.0764	1.0793	1.0788	1.067	1.0425	1.0311	1.0308
5.3125		  1.104	1.0486	1.0694	1.0928	1.0921	1.0895	1.0459	1.0442	1.0249
5.375		  1.173	1.0345	1.0534	1.0819	1.0826	1.098	1.0846	1.0548	1.0493
5.4375		  1.201	1.0443	1.051	1.0893	1.0778	1.1069	1.0711	1.0984	1.0685
5.5		  1.156	1.0407	1.0503	1.0812	1.0759	1.1095	1.0962	1.1039	1.08
5.5625		  1.104	1.0361	1.0509	1.0712	1.0784	1.1239	1.0945	1.1119	1.0753
5.625		  1.063	1.0249	1.0419	1.0669	1.0742	1.1094	1.099	1.1009	1.0913
5.6875		  1.026	1.0141	1.0139	1.0394	1.0857	1.1017	1.0869	1.0871	1.0761
5.75		  1.018	0.9892	1.0024	1.0263	1.0569	1.075	1.0567	1.0611	1.0544
5.8125		  1.022	0.9656	0.9703	0.9904	1.0181	1.0328	1.0463	1.0289	1.027
5.875		  1.018	0.9386	0.9612	0.9549	0.9833	0.9879	1.0213	1.002	0.9976
5.9375		  0.988	0.937	0.9512	0.9334	0.9421	0.9447	0.984	0.973	0.9654
6		  0.978	0.9271	0.9367	0.932	0.9333	0.9346	0.9632	0.9448	0.9228
6.0625		  0.929	0.9282	0.9285	0.9339	0.9169	0.9201	0.9446	0.927	0.9275
6.125		  0.929	0.9326	0.9252	0.9226	0.9078	0.8998	0.9371	0.9108	0.9178
6.1875		  0.936	0.9372	0.921	0.9322	0.9052	0.9113	0.9298	0.9114	0.9195
6.25		  0.959	0.9416	0.9349	0.9338	0.9071	0.9284	0.9396	0.9211	0.9298
6.3125		  1.014	0.9645	0.9565	0.9454	0.9328	0.9373	0.9263	0.93	0.9307
6.375		  0.975	0.9895	0.9631	0.9562	0.9479	0.9494	0.9429	0.9424	0.9314
6.4375		  0.952	0.9906	0.9677	0.9543	0.9706	0.9536	0.954	0.9396	0.9287
6.5		  0.935	0.9856	0.9765	0.961	0.967	0.9599	0.9577	0.9546	0.9454
6.5625		  0.969	0.9842	0.9837	0.9621	0.9818	0.972	0.9779	0.9661	0.947
6.625		  0.968	0.9761	0.9732	0.9795	0.9703	0.9773	0.9803	0.9648	0.95
6.6875		  1.021	0.9678	0.9713	0.9715	0.9757	0.9859	0.9948	0.9845	0.9597
6.75		  1.056	0.9604	0.9669	0.9827	0.975	0.9719	0.9838	0.9778	0.974
6.8125		  1.086	0.9695	0.9804	0.9857	0.9767	0.9711	0.9881	0.9876	0.9833
6.875		  1.109	0.9774	0.9728	0.9871	0.9735	0.9716	0.9933	0.9998	0.9924
6.9375		  1.063	0.9827	0.9785	0.987	0.9835	0.9856	0.9862	1.0038	1.0041
7		  1.015	0.9888	0.9823	0.9834	0.9789	0.9797	0.9903	1.0147	1.0033
7.0625		  0.988	0.9965	0.9752	0.993	0.9856	0.9916	0.9927	1.0093	1.0051
7.125		  0.948	1.0026	0.9816	0.9843	0.9878	0.9845	0.9895	1.0173	0.9913
7.1875		  0.935	1.0096	0.984	0.9793	1.0013	0.9974	0.9892	1.0171	0.9848
7.25		  0.940	1.0104	0.9931	0.9872	1.0045	0.9952	0.9949	1.0194	0.9964
7.3125		  0.934	1.0154	0.9994	0.9956	1.0114	1.0058	1.0002	1.0226	0.9915
7.375		  0.923	1.0274	1.0113	1.0083	1.0193	1.0068	1.0057	1.0193	1.0072
7.4375		  0.927	1.0367	1.0324	1.0144	1.0224	1.0058	0.999	1.0093	0.9941
7.5		  0.913	1.0426	1.0352	1.0057	1.0141	1.0007	1.0021	1.0095	1.003
7.5625		  0.903	1.0451	1.0345	1.0183	1.0218	0.9978	1.0113	0.987	1.0054
7.625		  0.891	1.0446	1.0356	1.0268	1.0297	1.0063	0.9964	0.9751	1.0053
7.6875		  0.942	1.0327	1.0278	1.0267	1.0309	1.0034	0.9977	0.9715	0.9995
7.75		  0.987	1.0279	1.0353	1.0311	1.0215	1.0172	1.0137	0.9896	0.9907
7.8125		  1.061	1.0269	1.0317	1.0251	1.0261	1.0254	1.0094	0.9892	0.9897
7.875		  1.061	1.0267	1.0253	1.0208	1.0285	1.0233	1.0165	0.9832	0.9977
7.9375		  1.068	1.0241	1.0257	1.0223	1.024	1.0208	1.0113	0.9953	1.0042
8		  1.116	1.0144	1.0205	1.0236	1.0107	1.0216	1.0139	0.9957	0.9968
8.0625		  1.123	1.0118	1.0146	1.0227	1.0102	1.0144	1.0034	1.0002	1.0082
8.125		  1.132	1.0092	1.0148	1.0238	1.0117	1.0053	1.0066	1.0023	0.9995
8.1875		  1.100	1.0027	1.0056	1.0262	1.0026	1.0082	1.0012	1.0043	1.0081
8.25		  1.087	1.0002	1.0035	1.0203	0.993	1.01	1.0081	1.0057	1.0083
8.3125		  1.052	1.0074	1.0009	1.0146	1.0047	1.0177	1.0096	1.0105	1.011
8.375		  1.080	0.9987	1.0086	1.0007	1.0025	1.011	1.0011	1.0096	1.0119
8.4375		  1.101	0.9907	1.002	0.9982	0.9994	1.0133	0.9925	1.0096	1.0084
8.5		  1.148	0.9861	0.9955	0.9917	0.995	1.0064	0.994	1.0145	1.0088
8.5625		  1.185	0.9891	1.0063	0.9951	0.9946	0.9944	0.9941	1.013	0.9984
8.625		  1.142	0.9888	1.0026	0.998	1.0023	0.9908	0.9916	1.0021	0.9944
8.6875		  1.069	0.9951	0.9995	0.992	1.0019	0.9885	0.9953	0.991	0.9918
8.75		  0.979	0.9876	0.9983	0.9853	0.9939	0.9858	0.9991	0.9941	0.9871
8.8125		  0.879	0.9884	0.9914	0.9836	0.9876	0.9884	0.9988	0.9985	0.9827
8.875		  0.782	0.9795	0.996	0.9863	0.9803	0.9916	0.9943	0.9885	0.9695
8.9375		  0.717	0.9859	0.9932	0.9912	0.989	0.9963	0.9905	0.9926	0.9745
9		  0.709	0.9811	0.9966	0.9878	1.012	0.9901	0.9894	0.9896	0.9799
9.0625		  0.720	0.9807	0.9957	0.9861	1.0107	0.9964	0.993	0.9923	0.9813
9.125		  0.766	0.9802	0.989	0.987	1.0032	1.0026	0.9936	0.9896	0.9837
9.1875		  0.833	0.9838	0.9825	0.9914	0.9992	1.0029	0.9923	1.0034	0.9857
9.25		  0.905	0.982	0.9707	0.9983	0.9938	1.0129	1.0015	0.9991	0.9832
9.3125		  0.959	0.988	0.9726	0.9996	0.9804	1.0061	0.9971	0.9944	0.9934
9.375		  0.995	0.9915	0.9774	1.002	0.9807	1.0127	1.0058	0.9913	0.9975
9.4375		  1.036	0.9978	0.9921	0.9983	0.9892	1.0091	1.005	0.9936	0.988
9.5		  1.076	0.9955	0.9889	0.9937	0.9877	1.0032	1.0044	1.003	0.987
9.5625		  1.109	0.9924	0.9939	0.9904	0.9908	0.996	1.0034	1.0054	0.9857
9.625		  1.135	0.9917	0.9888	0.987	0.9886	0.9907	1.009	1.0061	0.9868
9.6875		  1.167	0.9943	0.9963	0.9866	0.9908	0.9908	1.0145	1.0116	0.9941
9.75		  1.170	0.9947	1.0043	0.9999	1.0001	0.9898	1.0096	1.0049	1.0009
9.8125		  1.156	1.0037	1.0044	1.0016	0.9988	0.9803	1.0141	1.001	1.007
9.875		  1.134	1.0074	1.0115	1.0063	0.9949	0.9739	1.0089	0.9985	1.0034
9.9375		  1.087	1.0054	1.004	1.0047	0.9922	0.9814	0.9957	0.9987	1.0041
10		  1.043	0.9972	1.0033	1.0031	1.006	0.9862	0.9837	1.0099	1.0097
10.0625		  1.004	1.0043	1.0005	1.0099	1.0184	0.9905	0.9878	1.0139	1.0017
10.125		  0.982	1.0112	1.0075	1.0103	1.0189	1.0029	0.988	1.004	1.0013
10.1875		  0.957	1.0223	1.005	1.0119	1.0151	1.0088	0.9829	1.0052	1.0035
10.25		  0.960	1.0221	1.0003	1.0138	1.0013	1.0111	0.991	1.0026	1.0003
10.3125		  0.981	1.0249	1.0136	1.0065	0.9991	1.0152	0.9958	1.0084	1.0054
10.375		  0.998	1.0284	1.0071	1.0064	1.001	1.018	0.9992	1.0083	1.0059
10.4375		  1.022	1.0194	1.0125	1.0051	1.0001	1.0113	1.001	1.0015	1.0095
10.5		  1.019	1.0157	1.0158	1	0.9944	1.0129	1.008	0.9888	1.009
10.5625		  1.011	1.008	1.0126	0.9996	0.9905	1.017	1.0089	0.9781	1.002
10.625		  1.016	1.0053	1.0141	1.0021	0.9905	1.0081	1.007	0.9766	0.9981
10.6875		  1.018	0.9985	1.0129	1.0007	0.9935	1.0015	1.0022	0.9824	1.0013
10.75		  1.000	0.9943	1.0193	1.0076	0.9982	1.003	0.9994	0.9939	0.9957
10.8125		  0.987	0.9885	1.0116	1.0046	0.9967	0.9997	0.9986	0.9983	0.9948
10.875		  0.964	0.9898	0.9953	1.0043	1.006	1.0019	1.0006	1.0037	0.991
10.9375		  0.958	0.9875	0.9939	1.0029	1.0125	1.0006	0.9944	1.0088	0.9846
11		  0.950	0.9916	0.9927	1.0047	1.0188	1.0012	0.9919	1.0048	0.9788
11.0625		  0.963	0.993	0.9934	1.0092	1.0104	0.9991	0.9916	1.0077	0.9859
11.125		  1.004	0.9896	0.984	1.0018	1.008	1.0109	0.9915	1.003	0.9944
11.1875		  0.982	0.9856	0.983	0.9972	1.0073	1.0043	0.9847	0.9989	0.9957
11.25		  0.974	0.9776	0.9802	0.9867	1	0.9951	0.9837	0.9941	0.9952
11.3125		  0.952	0.9713	0.9782	0.987	0.9934	0.9952	0.9815	0.9933	1.0009
11.375		  0.937	0.974	0.9807	0.9881	0.9897	0.9849	0.9909	0.9897	0.9917
11.4375		  0.946	0.9716	0.9843	0.9835	0.9855	0.9915	0.9992	0.9869	0.9976
11.5		  0.914	0.9689	0.9753	0.9844	0.9892	0.9878	1.0034	0.9818	1.004
11.5625		  0.896	0.9713	0.9779	0.98	0.9952	0.9877	1.0113	0.9765	0.9959
11.625		  0.898	0.9704	0.9722	0.9716	0.9893	0.995	1.0075	0.974	0.9939
11.6875		  0.927	0.9751	0.9663	0.9706	0.9826	0.9953	0.9942	0.98	0.9898
11.75		  0.898	0.9745	0.9667	0.9797	0.983	0.9883	0.9869	0.9886	0.9879
11.8125		  0.875	0.974	0.9679	0.9727	0.9808	0.9923	0.9859	0.9977	0.9845
11.875		  0.859	0.9752	0.9684	0.9719	0.9796	0.9874	0.9863	1.0058	0.9838
11.9375		  0.895	0.9774	0.9691	0.9738	0.9815	0.9795	0.9863	1.0065	0.9856
12		  0.932	0.9798	0.9788	0.9762	0.9783	0.9768	0.9867	1.0131	0.9787
12.0625		  0.987	0.9793	0.9821	0.9717	0.9777	0.9792	0.9918	1.0132	0.9828
12.125		  1.046	0.9813	0.982	0.9701	0.9747	0.9834	1.0015	1.0121	0.99
12.1875		  1.117	0.9813	0.9863	0.9681	0.9803	0.9828	1.0001	1.0061	1.0053
12.25		  1.155	0.9808	0.9817	0.9756	0.9782	0.9785	1.0085	1.001	1.0063
12.3125		  1.164	0.984	0.978	0.9709	0.9769	0.9791	1.0041	1.0002	1.0128
12.375		  1.136	0.9877	0.9756	0.9777	0.9789	0.9738	1.0013	1.0004	1.0169
12.4375		  1.088	0.9874	0.9812	0.9785	0.9767	0.9737	0.9953	0.9953	1.0191
12.5		  1.047	0.988	0.9854	0.981	0.9777	0.9774	0.9894	0.9919	1.0116
12.5625		  1.000	0.9834	0.9821	0.9811	0.9747	0.9852	0.9919	0.9952	1.0173
12.625		  0.963	0.9886	0.9841	0.9832	0.9757	0.9935	0.9866	1.0005	1.0161
12.6875		  0.936	0.99	0.9823	0.9873	0.9807	0.9827	0.9859	1.0009	1.0156
12.75		  0.908	0.9889	0.9866	0.9891	0.9797	0.9823	0.9893	0.9994	1.0139
12.8125		  0.932	0.9863	0.9891	0.9934	0.9784	0.9775	0.9832	0.9971	1.0069
12.875		  0.945	0.9806	0.986	0.9949	0.982	0.9803	0.9826	0.999	1.0051
12.9375		  0.964	0.9782	0.9773	0.9943	0.9879	0.9785	0.9774	0.994	1.0007
13		  0.976	0.99	0.9818	0.9921	0.9884	0.9776	0.9699	0.9929	0.9982
13.0625		  0.998	0.9882	0.9886	0.9936	0.9904	0.9782	0.9706	0.9924	0.9961
13.125		  1.016	0.9869	0.9908	0.991	0.9853	0.9779	0.9763	0.9883	0.9949
13.1875		  1.043	0.9784	0.9898	0.9902	0.9885	0.9804	0.9796	0.9821	0.9956
13.25		  1.058	0.9775	0.9958	0.9896	0.9819	0.9801	0.9819	0.9793	0.9908
13.3125		  1.068	0.9804	0.9953	0.9846	0.9832	0.9806	0.9786	0.9726	0.9858
13.375		  1.075	0.9864	0.997	0.9827	0.9813	0.9822	0.9775	0.9684	0.9869
13.4375		  1.060	0.9934	0.994	0.9839	0.9826	0.9788	0.9808	0.969	0.9815
13.5		  1.056	1.0026	0.9928	0.987	0.9834	0.9777	0.9782	0.9709	0.9736
13.5625		  1.067	1.0054	0.9955	0.9847	0.9891	0.976	0.9772	0.9718	0.9746
13.625		  1.072	1.0041	0.9957	0.9811	0.9923	0.9839	0.98	0.9738	0.9832
13.6875		  1.096	1.0079	0.9974	0.981	0.993	0.9821	0.9798	0.9725	0.982
13.75		  1.105	1.0043	0.9964	0.983	0.9913	0.976	0.9817	0.9804	0.9794
13.8125		  1.092	0.999	0.9964	0.9954	0.9884	0.983	0.9745	0.9837	0.9758
13.875		  1.047	1.006	0.9999	0.9931	0.9878	0.9931	0.9791	0.9842	0.974
13.9375		  1.007	1.0087	1.0008	0.9975	0.9959	0.9928	0.988	0.9745	0.977
14		  0.970	1.0116	1.0043	0.9977	1.0001	0.9959	0.9873	0.974	0.98
14.0625		  0.939	1.0113	1.0066	1.0019	0.9986	1.0011	0.9864	0.9755	0.9796
14.125		  0.906	1.004	1.0097	1.0029	0.9966	0.9988	0.9891	0.9813	0.9782
14.1875		  0.895	0.998	1.0062	1.0034	0.9997	1.0075	0.9915	0.9809	0.9796
14.25		  0.877	0.9968	0.9983	1.0085	0.9998	1.0071	1.0014	0.9843	0.9826
14.3125		  0.862	1.0018	0.9942	1.0125	1.004	1.0087	1.0034	0.9826	0.9815
14.375		  0.852	0.9968	0.9887	1.0076	1.0077	1.0082	0.9971	0.984	0.9843
14.4375		  0.855	0.991	0.9903	1.0104	1.0064	1.0103	1.004	0.99	0.9821
14.5		  0.882	0.9921	0.9859	1.0065	1.0115	1.0105	1.0066	0.9859	0.9868
14.5625		  0.905	0.9944	0.9855	1.0025	1.0125	1.0114	1.008	0.9877	0.9838
14.625		  0.936	0.9983	0.9948	1.0012	1.0113	1.0136	1.0068	0.9901	0.9845
14.6875		  0.984	0.9994	0.9994	0.9972	1.0066	1.013	1.0048	0.9914	0.9834
14.75		  1.031	0.9992	1.0043	0.998	0.9926	1.0132	1.0042	0.9967	0.9841
14.8125		  1.101	0.9993	0.9999	0.9969	0.9913	1.0111	1.0022	0.9967	0.9828
14.875		  1.132	0.9951	0.9986	0.9966	0.9905	1.004	0.9973	0.9954	0.985
14.9375		  1.130	0.9898	1.007	0.9939	0.9901	0.9974	0.9978	0.9945	0.9861
15		  1.118	0.9909	1.0015	0.9942	0.9876	0.9946	1.0028	0.9947	0.9881
15.0625		  1.100	0.9947	0.9984	0.9962	0.9885	0.9869	1.0051	0.9964	0.9941
15.125		  1.089	0.993	0.9961	0.9997	0.9858	0.9833	1.007	1.0032	0.9991
15.1875		  1.069	0.9943	0.9945	0.9964	0.9913	0.9786	1.0109	1.0056	1.0003
15.25		  1.005	0.9974	0.9919	0.9939	1.0016	0.9789	1.0078	1.0026	0.9981
15.3125		  0.935	1.0036	0.9918	0.994	1.0006	0.9829	1.0006	1.0028	1.0025
15.375		  0.890	1.0115	0.9895	0.9904	1.0023	0.9917	0.9921	1.0077	0.9997
15.4375		  0.859	1.0036	0.9958	0.986	1.0086	0.9928	0.9835	1.01	0.9976
15.5		  0.856	1.0044	0.9993	0.9828	1.0071	0.9965	0.9845	1.0136	1.0002
15.5625		  0.870	1.0039	1.0038	0.9837	1.0014	0.9995	0.9868	1.0147	0.9952
15.625		  0.866	1.0026	1.0103	0.982	0.9958	0.9984	0.9886	1.0146	1.0015
15.6875		  0.886	1.0038	1.0144	0.9849	0.9914	0.9997	0.9834	1.0002	1.0087
15.75		  0.905	1.003	1.0141	0.9901	0.9907	0.9996	0.9898	0.997	1.0084
15.8125		  0.943	1.0019	1.0121	0.9987	0.9872	1.001	0.9896	0.9933	1.0133
15.875		  0.992	1.0003	1.0088	1.0092	0.9821	0.9975	0.9864	0.9925	1.0165
15.9375		  1.023	1.0005	1.0071	1.0166	0.9831	0.9991	0.9911	0.989	1.0123
16		  1.059	0.9994	1.0044	1.0115	0.9835	0.9917	0.993	0.9847	1.0096
