0.0625	  0.000	0	0	0	0
0.125	  0.000	0	0	0	0
0.1875	  0.000	0	0	0	0
0.25	  0.000	0	0	0	0
0.3125	  0.000	0	0	0	0
0.375	  0.000	0	0	0	0
0.4375	  0.000	0	0	0	0
0.5	  0.000	0	0	0	0
0.5625	  0.000	0	0	0	0
0.625	  0.000	0	0	0	0
0.6875	  0.000	0	0	0	0
0.75	  0.000	0	0	0	0
0.8125	  0.000	0	0	0	0
0.875	  0.000	0	0	0	0
0.9375	  0.000	0	0	0	0
1	  0.000	0	0	0	0
1.0625	  0.000	0	0	0	0
1.125	  0.000	0	0	0	0
1.1875	  0.000	0	0	0	0
1.25	  0.000	0	0	0	0
1.3125	  0.000	0	0	0	0
1.375	  0.000	0.0007	0.001	0.0002	0.0022
1.4375	  0.000	0.0259	0.02	0.0221	0.0232
1.5	  0.000	0.0436	0.0445	0.0523	0.0351
1.5625	  0.000	0.0319	0.0213	0.0289	0.0248
1.625	  0.000	0.0056	0.0047	0.0036	0.0074
1.6875	  0.000	0	0	0.0013	0.0004
1.75	  0.000	0	0	0	0
1.8125	  0.000	0	0	0	0
1.875	  0.000	0.0107	0.0033	0.004	0.0026
1.9375	  0.052	0.2962	0.185	0.1788	0.1376
2	  1.361	1.591	1.3214	1.3187	1.285
2.0625	  6.719	3.2527	3.2802	3.3209	3.4335
2.125	  5.250	3.8739	3.9586	3.8231	3.8772
2.1875	  0.916	2.9081	2.8932	2.7808	2.5218
2.25	  0.051	1.6689	1.5802	1.5131	1.3124
2.3125	  0.001	0.8327	0.7831	0.7489	0.6615
2.375	  0.000	0.4066	0.3912	0.4026	0.374
2.4375	  0.000	0.2383	0.2723	0.3026	0.3405
2.5	  0.010	0.2891	0.3313	0.4092	0.4842
2.5625	  0.198	0.4983	0.5508	0.6479	0.7495
2.625	  0.689	0.7561	0.8186	0.8978	1.0228
2.6875	  0.637	0.9213	1.014	1.0906	1.2296
2.75	  0.459	0.9669	1.0623	1.1277	1.291
2.8125	  1.193	0.9862	1.0665	1.14	1.2856
2.875	  2.053	1.0369	1.0796	1.1584	1.1887
2.9375	  2.514	1.0629	1.103	1.1506	1.0891
3	  2.012	1.0859	1.0956	1.0763	1.0085
3.0625	  1.007	1.1013	1.0687	1.0206	0.9978
3.125	  0.678	1.0846	1.055	1.0107	0.9879
3.1875	  1.211	1.0636	1.0261	0.9853	0.9692
3.25	  1.245	1.0956	1.0427	1.0099	0.9985
3.3125	  0.527	1.1023	1.0665	1.0143	0.9889
3.375	  0.431	1.0465	1.0248	0.9964	0.9582
3.4375	  0.478	0.9706	0.9481	0.9247	0.9279
3.5	  0.626	0.9143	0.902	0.8588	0.9239
3.5625	  0.806	0.8756	0.8759	0.8793	0.9318
3.625	  1.082	0.8972	0.9088	0.9009	0.9606
3.6875	  1.688	0.9189	0.9347	0.9162	0.9696
3.75	  2.219	0.9523	0.9567	0.9423	0.9584
3.8125	  1.770	0.9582	0.9849	0.9765	0.9432
3.875	  0.877	0.9672	0.9728	0.9993	0.9643
3.9375	  0.254	0.9975	0.9843	1.0244	0.9967
4	  0.122	0.9972	1.0041	1.0251	1.0129
4.0625	  0.489	1.0253	1.0224	1.0485	1.0394
4.125	  1.171	1.0406	1.0366	1.0624	1.0418
4.1875	  1.332	1.0348	1.0204	1.0612	1.0192
4.25	  1.252	0.9868	0.9778	1.0026	0.9512
4.3125	  1.051	0.9459	0.9317	0.945	0.9115
4.375	  0.590	0.8939	0.8968	0.9176	0.9102
4.4375	  0.311	0.8984	0.889	0.9057	0.917
4.5	  0.205	0.9158	0.9169	0.9477	0.9423
4.5625	  0.337	0.9481	0.9599	0.9849	0.9791
4.625	  0.836	0.9907	1.0035	1.0015	1.0078
4.6875	  1.565	1.0135	1.0551	1.0288	1.0421
4.75	  1.835	1.0247	1.0662	1.0342	1.0431
4.8125	  1.872	1.0395	1.0605	1.0397	1.0525
4.875	  1.559	1.0476	1.0472	1.045	1.0494
4.9375	  1.364	1.0471	1.0547	1.0348	1.0365
5	  1.361	1.0474	1.0453	1.0368	1.0409
5.0625	  1.011	1.0417	1.0467	1.0433	1.055
5.125	  0.878	1.0452	1.077	1.044	1.0718
5.1875	  0.868	1.0577	1.0656	1.0495	1.0621
5.25	  0.786	1.0481	1.0632	1.0493	1.0507
5.3125	  0.812	1.0618	1.0703	1.0498	1.0596
5.375	  0.871	1.0665	1.0642	1.0494	1.0677
5.4375	  0.720	1.0542	1.0535	1.051	1.0623
5.5	  0.454	1.0402	1.0496	1.0498	1.0697
5.5625	  0.571	1.056	1.0474	1.0644	1.0508
5.625	  1.257	1.0446	1.0374	1.0404	1.0363
5.6875	  1.799	1.0466	1.0457	1.0425	1.0244
5.75	  1.619	1.0507	1.0276	1.0304	1.0015
5.8125	  1.306	1.0423	1.003	1.0101	0.976
5.875	  1.356	1.0241	0.996	0.9878	0.9542
5.9375	  1.290	1.0038	0.9817	0.9668	0.9295
6	  1.222	0.9816	0.9458	0.9465	0.9219
6.0625	  1.008	0.9527	0.9189	0.9282	0.8982
6.125	  0.857	0.9405	0.9039	0.9095	0.8985
6.1875	  0.806	0.9321	0.9019	0.9015	0.8949
6.25	  0.746	0.9197	0.9119	0.9047	0.8992
6.3125	  0.626	0.9214	0.9174	0.8983	0.9251
6.375	  0.690	0.9323	0.9157	0.9258	0.9448
6.4375	  0.545	0.9358	0.9309	0.9515	0.9649
6.5	  0.225	0.9476	0.9655	0.9663	0.9851
6.5625	  0.132	0.9538	0.9836	0.9688	1.004
6.625	  0.298	0.9637	0.9973	0.9789	1.0105
6.6875	  0.837	0.9718	1.0066	0.994	1.0207
6.75	  1.175	0.9803	1.018	1.0064	1.0215
6.8125	  1.004	0.9985	1.0251	1.0239	1.0062
6.875	  0.901	1.0055	1.0161	1.0202	0.9956
6.9375	  0.894	1.005	1.0066	1.0225	1.002
7	  0.925	1.0044	1.0035	1.0175	1.0182
7.0625	  1.053	1.0094	1.002	1.0077	1.0179
7.125	  1.175	0.9995	1.0008	1.0121	1.0242
7.1875	  1.248	0.9941	1.0015	1.0125	1.0269
7.25	  1.397	1.0025	0.9996	1.0123	1.0368
7.3125	  1.467	1.0129	1.0051	1.0081	1.0457
7.375	  1.679	1.0134	1.0092	1.016	1.0321
7.4375	  1.879	1.0098	1.0041	1.0323	1.0278
7.5	  1.730	1.0254	1.0032	1.0427	1.0294
7.5625	  1.432	1.018	1.0124	1.0477	1.0344
7.625	  1.269	1.018	1.0297	1.0367	1.0203
7.6875	  1.119	1.0182	1.0301	1.0333	1.0216
7.75	  0.884	1.0183	1.0274	1.0354	1.0205
7.8125	  0.683	1.0188	1.0214	1.0219	1.0285
7.875	  0.787	1.0232	1.0297	1.0193	1.0186
7.9375	  1.017	1.0221	1.0169	1.0075	1.0198
8	  0.883	1.0157	1.0153	1.0104	1.0194
8.0625	  0.766	1.0152	1.0181	1.0093	1.0117
8.125	  0.759	1.0245	1.0173	1.0045	1.0025
8.1875	  0.750	1.0123	1.0112	1.0089	0.9915
8.25	  0.740	1.0063	1.0139	0.9972	0.9865
8.3125	  0.873	1.0161	1.0089	0.9922	0.9853
8.375	  0.973	1.0173	1.0021	0.9917	0.9847
8.4375	  0.860	1.0083	0.9997	0.9887	0.9832
8.5	  0.698	0.9971	1.0047	0.9846	0.9781
8.5625	  0.672	0.9998	1.0036	0.9775	0.9797
8.625	  0.857	0.9881	1.0082	0.9763	0.976
8.6875	  1.071	0.9833	1.0041	0.9788	0.9721
8.75	  1.200	0.9851	0.9924	0.9796	0.9631
8.8125	  1.234	0.9827	0.9832	0.9801	0.9529
8.875	  1.225	0.9836	0.975	0.9843	0.9636
8.9375	  1.202	0.9789	0.9752	0.9808	0.9678
9	  0.920	0.9709	0.9736	0.9778	0.975
9.0625	  0.640	0.9756	0.9781	0.9835	0.9813
9.125	  0.478	0.9734	0.9728	0.9791	0.9855
9.1875	  0.612	0.9854	0.9761	0.9794	0.9957
9.25	  1.112	0.9959	0.988	0.9837	1.0051
9.3125	  1.526	0.9985	0.9977	0.9994	1.0098
9.375	  1.414	1.0026	0.9948	1.0044	1.0061
9.4375	  1.157	0.9967	0.9952	1.0091	1.0076
9.5	  1.033	0.9954	1.0026	1.0105	1.0035
9.5625	  0.931	0.9898	0.9951	1.0016	1.0053
9.625	  0.726	0.988	0.994	1.0017	0.999
9.6875	  0.583	0.9894	0.998	1.0032	1.0061
9.75	  0.664	1.0086	0.9995	1.0008	1.0049
9.8125	  0.954	1.0162	0.9971	0.9992	1.0166
9.875	  1.058	1.0135	0.9921	0.995	1.0309
9.9375	  0.930	1.0095	0.9915	0.9908	1.0435
10	  0.838	1.011	0.9884	1.0126	1.0413
10.0625	  0.807	1.0109	0.994	1.0249	1.0414
10.125	  0.822	1.0091	1.0003	1.0303	1.0404
10.1875	  0.927	0.9974	1.0134	1.0288	1.0243
10.25	  0.956	0.9968	1.0272	1.0248	1.0173
10.3125	  0.903	0.9996	1.0368	1.0253	1.0071
10.375	  1.038	1.0057	1.04	1.0258	1.007
10.4375	  1.201	1.0053	1.0277	1.0195	1.0032
10.5	  1.337	1.0067	1.0256	1.0184	1.0004
10.5625	  1.488	1.0077	1.018	1.011	1.0032
10.625	  1.499	1.0131	1.0124	1.0151	0.9954
10.6875	  1.386	1.0187	1.0013	1.0144	0.9866
10.75	  1.099	1.0195	1.0022	0.9987	0.9833
10.8125	  0.794	1.0078	0.997	0.9912	0.9719
10.875	  0.570	1.0051	0.9984	0.9805	0.9705
10.9375	  0.524	0.9989	1.0022	0.9766	0.9695
11	  0.650	1.0026	0.9981	0.9859	0.9715
11.0625	  0.826	0.9981	0.9881	0.9814	0.9679
11.125	  0.863	1	0.9856	0.9763	0.9692
11.1875	  0.775	1.0025	0.9846	0.9677	0.9689
11.25	  0.863	0.9938	0.9783	0.9683	0.9648
11.3125	  1.002	0.989	0.9709	0.9663	0.9673
11.375	  1.226	0.9817	0.9708	0.9686	0.968
11.4375	  1.484	0.9791	0.9728	0.9725	0.9734
11.5	  1.450	0.9816	0.9738	0.9708	0.9728
11.5625	  1.122	0.9831	0.9758	0.9711	0.9721
11.625	  0.831	0.982	0.9771	0.9713	0.9766
11.6875	  0.871	0.9828	0.9721	0.9725	0.9793
11.75	  0.981	0.9784	0.9684	0.9718	0.9846
11.8125	  1.129	0.9703	0.9702	0.9718	0.9789
11.875	  1.224	0.9704	0.9717	0.9625	0.9816
11.9375	  1.186	0.9752	0.9758	0.9664	0.9799
12	  1.037	0.9754	0.9778	0.9709	0.9774
12.0625	  0.855	0.9754	0.9746	0.9789	0.9794
12.125	  0.752	0.9628	0.9789	0.9809	0.9851
12.1875	  0.901	0.962	0.9818	0.9828	0.9858
12.25	  0.976	0.9666	0.9806	0.9857	0.9847
12.3125	  0.983	0.9703	0.976	0.9833	0.9846
12.375	  1.097	0.9682	0.9807	0.9835	0.9869
12.4375	  1.029	0.9696	0.9804	0.983	0.9849
12.5	  0.901	0.9739	0.989	0.9832	0.9805
12.5625	  0.959	0.979	0.9817	0.9854	0.9807
12.625	  0.874	0.9853	0.9823	0.9898	0.9811
12.6875	  0.730	0.9918	0.9791	0.9906	0.9823
12.75	  0.784	0.986	0.9803	0.9901	0.9793
12.8125	  0.842	0.986	0.98	0.9887	0.9778
12.875	  0.910	0.9877	0.9835	0.9871	0.9817
12.9375	  1.148	0.9829	0.9854	0.9854	0.9886
13	  1.415	0.987	0.9869	0.9879	0.989
13.0625	  1.416	0.9885	0.9855	0.9905	0.9922
13.125	  1.285	0.9891	0.9892	0.9878	0.9886
13.1875	  1.138	0.9961	0.9896	0.9901	0.9871
13.25	  0.994	0.997	0.984	0.9898	0.9944
13.3125	  0.770	1.0044	0.985	0.9907	0.9917
13.375	  0.630	0.9964	0.9918	0.9923	0.9919
13.4375	  0.692	0.9911	0.9987	0.9879	1.0046
13.5	  0.797	0.9887	0.9909	0.9882	1.0025
13.5625	  0.826	0.9867	0.9896	0.9859	1.0053
13.625	  0.828	0.9941	0.9947	0.9937	1.009
13.6875	  0.696	0.9952	0.9958	1.0023	1.0027
13.75	  0.641	0.992	0.9955	0.9962	1.0021
13.8125	  0.742	0.9858	0.9952	1.0018	1.007
13.875	  0.889	0.988	0.9973	1.0026	1.0117
13.9375	  0.996	0.9931	0.9941	1.0067	1.0162
14	  0.951	0.9936	0.9995	1.0091	1.0162
14.0625	  0.859	0.9922	1.005	1.0105	1.0077
14.125	  0.887	0.9934	1.0085	1.0146	0.9982
14.1875	  0.986	0.9897	1.0113	1.0086	1.0048
14.25	  1.227	0.9942	1.0096	1.0034	0.999
14.3125	  1.290	0.9961	1.0119	0.9963	1.0013
14.375	  1.162	1.0037	1.0086	0.9937	1.0015
14.4375	  1.167	1.0121	0.9996	0.9931	1.0012
14.5	  1.357	1.0023	0.992	0.9989	0.9963
14.5625	  1.515	1.0025	0.9962	1.0108	0.9947
14.625	  1.482	1.0026	0.9974	1.015	0.9924
14.6875	  1.133	0.9997	1.001	1.0092	0.9929
14.75	  0.806	0.9957	1.0041	1.0056	0.9924
14.8125	  0.806	0.9967	0.9986	0.9959	0.9979
14.875	  0.957	0.9983	1.002	0.9905	1.007
14.9375	  0.976	1.0007	0.9962	0.9932	1.0107
15	  0.947	0.9968	0.993	0.9924	1.0109
15.0625	  0.920	1.0025	0.9904	0.9944	1.0118
15.125	  0.922	0.9989	0.9887	1.0017	1.0138
15.1875	  0.949	0.9974	0.9866	1.0104	1.0138
15.25	  0.951	0.9947	0.991	1.0104	1.0093
15.3125	  0.946	0.9883	0.9992	1.0056	1.0033
15.375	  0.960	0.9891	1.0091	0.9975	0.9987
15.4375	  1.025	0.9908	1.011	0.9977	0.9969
15.5	  1.052	0.9909	1.0093	0.9993	0.9926
15.5625	  0.926	0.9911	1.0103	0.9967	0.9959
15.625	  0.850	1.0027	1.0042	0.9967	0.9929
15.6875	  0.766	1.0166	0.9997	0.9938	0.9903
15.75	  0.758	1.0163	1.0018	0.9998	0.9879
15.8125	  0.819	1.0146	1.0035	0.9999	0.9873
15.875	  0.948	1.0181	1.0092	0.9941	0.9828
15.9375	  1.094	1.0097	1.0139	0.992	0.9756
16	  1.041	1.0081	1.011	0.9903	0.9731
