Sn 1 O 3.10234552876 0.106477259592 2.16583002011 0.00351590022026 0.0130660735061 0.000297066571938
Sn 2 O 2.89755475412 0.013079663017 2.14263285431 0.0013164622638 0.00492759674401 5.88813439496e-05
Sn 3 O 1.95792864453 0.00901190634502 2.15810132794 0.00333813795489 0.00623498070412 0.000220964945324
Sn 4 O 3.87660757694 0.0858292319982 2.23855111432 0.00153923447108 0.0144077485035 0.000231875030246
Sn 5 O 3.302737941 0.132928151669 2.20104495436 0.00228336135329 0.0178322947772 0.000222392767236
Sn 6 O 3.36528115589 0.148650184366 2.13544983372 0.00173021989738 0.01651275915 0.00034470703863
Sn 7 O 2.86147405774 0.0179581736409 2.13242073679 0.00103201688239 0.00630506931705 5.47974519609e-05
Sn 8 O 2.90586594476 0.00836963097067 2.055344221 0.00130729227948 0.00352380021362 1.22402927825e-05
Sn 9 O 1.04248195332 0.0229892540769 2.23106412127 0.0115454453988 0.00855453934116 0.000941210446146
Sn 10 O 2.92609596979 0.0109659583218 2.11520337572 0.00103043359966 0.00614024550107 0.000135250184087
Sn 11 O 2.89504267938 0.013191505085 2.13020963196 0.00134358599258 0.00444508569255 2.72020546647e-05
Sn 12 O 2.77601525688 0.0515527704267 2.12306724653 0.00160106852052 0.0110578796127 0.000133726676239
Sn 13 O 5.75999221854 0.035619143847 2.09005388936 0.000376611399996 0.00458903601903 1.64203101657e-05
Sn 14 O 2.92501328249 0.00793331503421 2.09804930547 0.00123452612342 0.00365006139795 3.97805695463e-05
Sn 15 O 2.90581780157 0.00948207565015 2.13726747597 0.00135771919279 0.00408601580795 2.75239352301e-05
Sn 16 O 2.99329617947 0.0765801609089 2.18952497246 0.0022862662571 0.0148378281883 0.000314332977899
Sn 17 O 2.57930663008 0.216521758788 2.1121600591 0.00188706500986 0.00950851095578 0.000222578018859
Sn 18 O 2.40773721571 0.134853090255 2.15565317248 0.00332427336345 0.0187418606458 0.000433005009349
Sn 19 O 2.79025213139 0.0637593628165 2.20018498426 0.00281130581169 0.0150504690412 0.000314929346374
Sn 20 O 3.03419636677 0.0672355799252 2.13430596658 0.00216750185001 0.0133671426561 0.000318883246866
Sn 21 O 3.2904018164 0.163987981536 2.18308993157 0.00274001624949 0.0242268221562 0.000376511120956
Sn 22 O 3.5559312681 0.0703572639033 2.15393443854 0.0014898562524 0.0156771674965 0.000133331018852
Sn 23 O 2.17178015549 0.12104313515 2.1553718257 0.00499559328509 0.0285752512676 0.000581056819921
Sn 24 O 2.73810460555 0.0552087562257 2.13816947229 0.00154678717003 0.0119062901185 0.000168193542032
Sn 25 O 2.75773798976 0.0566319949789 2.12470487155 0.00158064498249 0.0120133649717 0.000227679918274
Sn 26 O 1.97109520531 0.00229719173671 2.09703009485 0.00153535786784 0.00177543118112 9.27664246269e-06
Sn 27 O 2.07694822887 0.0732818691444 2.13942070496 0.00390109891929 0.0130696524428 0.000427212863228
Sn 28 O 4.39047572255 0.278763372186 2.17088088148 0.00207772367167 0.012424865934 0.000119191052255
Sn 29 O 1.94177686548 0.00636409098665 2.13202215918 0.00270908354291 0.00372493818215 2.89450727207e-05
Sn 30 O 2.31999632736 0.115348752103 2.18013026095 0.0041318370905 0.0216901401063 0.00054425312429
Sn 31 O 1.95221010143 0.00459189704941 2.12803433713 0.00175302677505 0.00306055316268 2.10587731574e-05
Sn 32 O 2.05119525686 0.0642488202471 2.11065380057 0.0029736684315 0.00742076137023 0.000198355771515
Sn 33 O 2.86527412129 0.0609734692088 2.14402916333 0.00216486222599 0.0141788214313 0.00032997019071
Sn 34 O 3.14456198654 0.0894073745322 2.12735800629 0.00166843009121 0.0190511376421 0.00033091449657
Sn 35 O 2.87009563571 0.0189783440213 2.10556427353 0.00121205477235 0.00570131481848 5.25286066636e-05
Sn 36 O 2.85906889925 0.0350913057935 2.15166355653 0.00168998069479 0.00937343042627 0.000218396833548
Sn 37 O 2.70438918595 0.0615786496656 2.112218304 0.00123783047002 0.0153941778006 0.000279968090385
Sn 38 O 1.93663565547 0.0263419249616 2.12851098841 0.0024630591625 0.00480373281049 0.000161525875765
Sn 39 O 4.0056851547 0.186246197008 2.10364417941 0.00071121414442 0.00751975244005 5.91131515283e-05
Sn 40 O 2.82402541299 0.0690379767695 2.14169553421 0.00161872714006 0.0158934237338 0.000297651733743
Sn 41 O 3.47407648463 0.160732667243 2.14156886107 0.00173630695425 0.0169550058039 0.00021587420353
Sn 42 O 2.89757236537 0.168777569001 2.15134202256 0.00250536394433 0.0256323403799 0.000447228773693
Sn 43 O 2.29557160172 0.178747871989 2.10804128415 0.00249188252709 0.0052368175502 0.000102145643802
Sn 44 O 2.90218288133 0.0497701524757 2.15014186536 0.00248493798853 0.0120867402556 0.000328760795813
Sn 45 O 3.07107332146 0.106952062835 2.16115616873 0.00154276101726 0.0139483544062 0.000266335963386
Sn 46 O 3.47132051074 0.111995707982 2.18368544086 0.00176825633812 0.0168624224221 0.000184525777482
Sn 47 O 3.10280838296 0.157862739831 2.16459290048 0.00229784367821 0.02590163711 0.000333718639815
Sn 48 O 2.89020409417 0.0309020069337 2.16353980709 0.0020360436591 0.0107695356212 0.000261961814772
Sn 49 O 1.0 0.0 2.10388013614 0.00327034868016 0.0 0.0
Sn 50 O 2.88812374055 0.00975245856985 2.10696346518 0.000961796884392 0.00482035822254 2.78552057536e-05
Sn 51 O 2.8733119747 0.0307660124459 2.12679701555 0.00136656624934 0.0102478672124 0.000224826261639
Sn 52 O 4.45304004153 0.233448626462 2.12870226156 0.000876471544 0.0109258918194 0.000109653118702
Sn 53 O 2.98314608557 0.0939217522724 2.12909102545 0.00202190018572 0.0136560668453 0.000271603840518
Sn 54 O 2.93876274876 0.0809491758581 2.1646026476 0.00176594675814 0.02355867333 0.000453540458717
Sn 55 O 3.31017743633 0.140367769616 2.24787452136 0.00313856165462 0.0184002220746 0.000261806537312
Sn 56 O 2.88731329276 0.01963128 2.16392075079 0.00168395777787 0.0054251240594 8.06114781201e-05
Sn 57 O 2.09647701961 0.0922444809142 2.14711448925 0.00349680603101 0.0157736402941 0.000564062451573
Sn 58 O 2.09300107642 0.0743714666852 2.16210952411 0.00311551768196 0.0136290011561 0.000461765549681
Sn 59 O 3.18354415608 0.118408997351 2.19302129894 0.0023909867457 0.0266770753793 0.000352745586035
Sn 60 O 3.03892601242 0.156096229832 2.18207801891 0.00263842655465 0.0308792749337 0.000545493944988
Sn 61 O 2.84451465236 0.108874649799 2.14980764204 0.00294231758329 0.0187601574938 0.000442771834012
Sn 62 O 3.83943378622 0.24937259543 2.2363342811 0.00241021389487 0.0262144234649 0.000265535480301
Sr 63 O 5.81415175177 0.426955102524 2.56777570483 0.00250222452076 0.0380421126037 0.000301509541519
Sr 64 O 5.69398704306 0.278365211306 2.53213689973 0.00155741840936 0.0270035804634 0.000234113460415
Sr 65 O 5.94868258898 0.359244122551 2.57919177959 0.00204197974527 0.0390773580983 0.000356216814209
Sr 66 O 6.51506260889 0.408666921923 2.56655166849 0.0017318394614 0.0286763663834 0.000205610644119
Sr 67 O 4.60670827402 0.113642314656 2.50402208744 0.00179560631993 0.0194059489168 0.000276249014073
Sr 68 O 5.6592646345 0.280825945557 2.49440493357 0.00160162491004 0.0251241714412 0.000300021854698
Sr 69 O 4.46672594445 0.259380304207 2.45746677885 0.00189826689795 0.0342977659511 0.000355473278229
