0.150000006 0.00000000 0.00000000 0.00000000 0.00000000 0.00000000 0.00000000 0.00000000
0.200000003 0.00000000 0.00000000 0.00000000 0.00000000 0.00000000 0.00000000 0.00000000
0.250000000 0.00000000 0.00000000 0.00000000 0.00000000 0.00000000 0.00000000 0.00000000
0.300000012 0.00000000 0.00000000 0.00000000 0.00000000 0.00000000 0.00000000 0.00000000
0.350000024 0.00000000 0.00000000 0.00000000 0.00000000 0.00000000 0.00000000 0.00000000
0.400000006 0.00000000 0.00000000 0.00000000 0.00000000 0.00000000 0.00000000 0.00000000
0.450000018 0.00000000 0.00000000 0.00000000 0.00000000 0.00000000 0.00000000 0.00000000
0.500000000 0.00000000 0.00000000 0.00000000 0.00000000 0.00000000 0.00000000 0.00000000
0.550000012 0.00000000 0.00000000 0.00000000 0.00000000 0.00000000 0.00000000 0.00000000
0.600000024 0.00000000 0.00000000 0.00000000 0.00000000 0.00000000 0.00000000 0.00000000
0.650000036 0.00000000 0.00000000 0.00000000 0.00000000 0.00000000 0.00000000 0.00000000
0.700000048 0.00000000 0.00000000 0.00000000 0.00000000 0.00000000 0.00000000 0.00000000
0.750000060 0.00000000 0.00000000 0.00000000 0.00000000 0.00000000 0.00000000 0.00000000
0.800000072 0.00000000 0.00000000 0.00000000 0.00000000 0.00000000 0.00000000 0.00000000
0.850000024 0.00000000 0.00000000 0.00000000 0.00000000 0.00000000 0.00000000 0.00000000
0.900000036 0.00000000 0.00000000 0.00000000 0.00000000 0.00000000 0.00000000 0.00000000
0.950000048 0.00000000 0.00000000 0.00000000 0.00000000 0.00000000 0.00000000 0.00000000
1.00000000 2.63369572E-03 2.82427529E-03 2.06884067E-03 4.16340586E-03 2.96485517E-03 5.25434781E-03 5.76992752E-03
1.04999995 0.00000000 0.00000000 0.00000000 0.00000000 0.00000000 0.00000000 0.00000000
1.09999990 0.00000000 0.00000000 0.00000000 0.00000000 0.00000000 0.00000000 0.00000000
1.14999998 1.40217395E-04 5.97826074E-05 5.03623196E-05 8.47826086E-05 5.86956521E-05 4.02173901E-05 5.72463759E-05
1.20000005 5.70652192E-04 2.67028983E-04 2.09420294E-04 4.19565215E-04 3.40942031E-04 1.40579708E-04 2.16666667E-04
1.25000000 4.96376830E-04 2.21739130E-04 1.87681158E-04 3.78260884E-04 3.01449269E-04 1.09420289E-04 1.98188412E-04
1.29999995 4.31884051E-04 2.30072459E-04 1.99999995E-04 3.58333346E-04 2.64492759E-04 1.08695654E-04 2.04710144E-04
1.35000002 4.01086960E-04 2.46739131E-04 1.77173919E-04 3.57608689E-04 2.57246371E-04 1.13405797E-04 2.06884055E-04
1.39999998 3.62681167E-04 2.30072459E-04 2.01449278E-04 3.93840572E-04 2.89130432E-04 1.58333336E-04 2.31884056E-04
1.45000005 3.75000003E-04 2.45289848E-04 1.93115935E-04 4.11956513E-04 3.38405807E-04 1.77898546E-04 2.51086953E-04
1.50000000 3.83333332E-04 2.91666656E-04 2.42391310E-04 4.16304334E-04 3.58695659E-04 2.22463772E-04 2.99275358E-04
1.54999995 3.86231870E-04 3.35507240E-04 2.78260879E-04 4.83695650E-04 4.68840590E-04 2.80072476E-04 3.84782616E-04
1.60000002 4.10144916E-04 4.05072467E-04 3.60869570E-04 5.98550716E-04 5.98913059E-04 3.97101452E-04 4.92029008E-04
1.64999998 4.84057964E-04 4.89492726E-04 4.82971023E-04 7.05434766E-04 7.86594232E-04 6.22826105E-04 6.88405824E-04
1.70000005 5.69927564E-04 6.60144899E-04 6.38405792E-04 9.19202925E-04 1.08586962E-03 9.23188403E-04 1.04963768E-03
1.75000000 7.68478261E-04 8.31159414E-04 9.51811613E-04 1.24239130E-03 1.65471015E-03 1.47210143E-03 1.82681158E-03
1.79999995 1.04021735E-03 1.20362313E-03 1.45724637E-03 2.02065217E-03 2.85144919E-03 2.58442038E-03 3.37681151E-03
1.85000002 1.52173918E-03 1.94818841E-03 2.56231893E-03 3.47246369E-03 5.08913025E-03 5.09384042E-03 6.52753608E-03
1.89999998 2.61340570E-03 3.77463759E-03 4.90036234E-03 6.83731865E-03 1.05659422E-02 1.12644928E-02 1.42083336E-02
1.95000005 5.58840577E-03 8.73333309E-03 1.20123187E-02 1.71344206E-02 2.52278987E-02 2.99391299E-02 3.68717387E-02
2.00000000 2.80086957E-02 5.20822480E-02 7.30739161E-02 0.106204711 0.149461955 0.198414132 0.233659416
2.04999995 6.32246374E-04 6.10869552E-04 5.75362297E-04 1.02391304E-03 8.37681175E-04 9.64130450E-04 9.03260894E-04
2.09999990 1.10507244E-03 1.11702899E-03 1.04420295E-03 1.72898546E-03 1.43731886E-03 1.67246372E-03 1.51630433E-03
2.14999986 3.03115952E-03 3.42282606E-03 3.53913032E-03 4.45072446E-03 3.93079687E-03 4.32065222E-03 4.24782606E-03
2.19999981 6.39999984E-03 7.31413066E-03 7.90543482E-03 8.79456475E-03 7.95797072E-03 8.68007261E-03 8.79166648E-03
2.25000000 6.69202907E-03 7.56920269E-03 8.21884070E-03 9.24746413E-03 8.56666639E-03 8.96992721E-03 9.07572452E-03
2.29999995 7.54601462E-03 8.25144909E-03 8.74384027E-03 1.00659421E-02 9.20507219E-03 9.78152175E-03 9.76594165E-03
2.34999990 8.58043507E-03 9.06630419E-03 9.61884018E-03 1.13047101E-02 1.03807971E-02 1.07884062E-02 1.06833335E-02
2.39999986 9.78188403E-03 1.05663044E-02 1.11550726E-02 1.28565216E-02 1.16235511E-02 1.23623190E-02 1.21028982E-02
2.44999981 1.15710143E-02 1.22579709E-02 1.29278982E-02 1.47108696E-02 1.33264493E-02 1.38978260E-02 1.35297105E-02
2.50000000 1.35768112E-02 1.43967392E-02 1.48623185E-02 1.70311593E-02 1.55713772E-02 1.59956515E-02 1.56663042E-02
2.54999995 1.63804349E-02 1.72626805E-02 1.78568847E-02 1.99568849E-02 1.85355078E-02 1.88282616E-02 1.83137674E-02
2.59999990 2.01561600E-02 2.09271740E-02 2.19286233E-02 2.36605071E-02 2.19655801E-02 2.24115942E-02 2.13086959E-02
2.64999986 2.46920288E-02 2.58597825E-02 2.72938404E-02 2.88090575E-02 2.68757250E-02 2.69634053E-02 2.54394934E-02
2.69999981 3.08543481E-02 3.24884057E-02 3.43862325E-02 3.55047099E-02 3.32728252E-02 3.29340585E-02 3.09065226E-02
2.75000000 3.95268127E-02 4.18902189E-02 4.38170284E-02 4.40199263E-02 4.17039841E-02 4.03713770E-02 3.79199274E-02
2.79999995 5.08503616E-02 5.48195653E-02 5.69789857E-02 5.62014505E-02 5.27775362E-02 5.05039841E-02 4.72264476E-02
2.84999990 6.84746355E-02 7.41409436E-02 7.53539875E-02 7.26869553E-02 6.86090589E-02 6.47771731E-02 6.06615953E-02
2.89999986 9.42474604E-02 0.102283694 0.102817751 9.70706493E-02 9.16833356E-02 8.58724639E-02 7.93739110E-02
2.94999981 0.134979352 0.148513407 0.144318119 0.136273190 0.127883703 0.117693841 0.107989490
3.00000000 0.211648554 0.233669207 0.219086587 0.206965223 0.191291660 0.174297094 0.158741668
3.04999995 5.08731883E-03 3.20471008E-03 2.11920287E-03 1.39021734E-03 1.23623188E-03 7.37681170E-04 5.64130431E-04
3.09999990 6.69528963E-03 4.05362342E-03 2.77137686E-03 1.68188405E-03 1.58731884E-03 9.06159403E-04 7.76449277E-04
3.14999986 9.96811595E-03 5.79420291E-03 4.06050729E-03 2.41775368E-03 2.28188396E-03 1.33985502E-03 1.14528986E-03
3.19999981 1.16481883E-02 6.72862306E-03 4.76485491E-03 2.70652166E-03 2.61594192E-03 1.48985512E-03 1.34963763E-03
3.25000000 1.06974635E-02 6.14021719E-03 4.38043475E-03 2.56992760E-03 2.42572464E-03 1.41594198E-03 1.32826087E-03
3.29999995 1.03557967E-02 5.71847847E-03 4.08913055E-03 2.35181162E-03 2.35652179E-03 1.25724636E-03 1.27282611E-03
3.34999990 9.98949260E-03 5.47101442E-03 3.91231896E-03 2.21086945E-03 2.20724638E-03 1.18297106E-03 1.19202898E-03
3.39999986 9.95362364E-03 5.17934794E-03 3.82934790E-03 2.08804337E-03 2.06485507E-03 1.12391310E-03 1.07898552E-03
3.44999981 9.88550764E-03 5.12210140E-03 3.83297098E-03 2.07971013E-03 2.04202905E-03 1.12173916E-03 1.09818846E-03
3.50000000 9.97970998E-03 5.06376801E-03 3.85217392E-03 2.09927536E-03 2.02862313E-03 1.04927539E-03 1.08152174E-03
3.54999995 9.98840574E-03 4.99311602E-03 3.90724652E-03 2.16268119E-03 1.98152172E-03 1.05579710E-03 1.03731884E-03
3.59999990 1.01655796E-02 4.91739111E-03 3.94202909E-03 2.01847823E-03 2.03695660E-03 1.02463772E-03 9.43115971E-04
3.64999986 1.05119562E-02 4.82246373E-03 4.02137684E-03 2.07355083E-03 2.06195656E-03 9.96014453E-04 9.46739106E-04
3.69999981 1.05199274E-02 4.90543479E-03 4.19782614E-03 2.06920295E-03 2.01413035E-03 9.76086943E-04 9.30072449E-04
3.75000000 1.05985506E-02 4.79166675E-03 4.37391317E-03 2.10398552E-03 2.10615946E-03 9.31159419E-04 9.17028985E-04
3.79999995 1.07159419E-02 4.92753601E-03 4.44166688E-03 2.04528985E-03 1.98695646E-03 8.96739133E-04 8.72101460E-04
3.84999990 1.04996376E-02 4.78623202E-03 4.33115941E-03 2.05978262E-03 1.94565218E-03 8.73188430E-04 8.34420265E-04
3.89999986 1.02597829E-02 4.56050737E-03 4.03405819E-03 2.07282603E-03 1.79528981E-03 9.18115955E-04 7.70289858E-04
3.94999981 8.79673939E-03 4.33804328E-03 3.73115949E-03 1.69130438E-03 1.71086960E-03 8.03985517E-04 7.17391318E-04
4.00000000 5.61413029E-03 2.94130435E-03 2.72789854E-03 1.13478256E-03 1.11231883E-03 4.96739114E-04 4.58333321E-04
4.05000019 9.42028964E-06 3.26086956E-06 1.44927537E-06 3.62318838E-06 0.00000000 0.00000000 0.00000000
4.10000038 1.70289859E-05 4.34782623E-06 0.00000000 1.81159419E-06 0.00000000 0.00000000 0.00000000
4.15000010 2.75362327E-05 4.34782623E-06 0.00000000 3.62318843E-07 0.00000000 0.00000000 0.00000000
4.20000029 1.48550725E-05 1.44927537E-06 0.00000000 0.00000000 0.00000000 0.00000000 0.00000000
4.25000000 1.44927535E-05 3.62318843E-07 0.00000000 0.00000000 0.00000000 0.00000000 0.00000000
4.30000019 9.78260869E-06 3.62318843E-07 0.00000000 0.00000000 0.00000000 0.00000000 0.00000000
4.35000038 1.01449277E-05 1.44927537E-06 0.00000000 0.00000000 0.00000000 0.00000000 0.00000000
4.40000010 8.69565247E-06 1.08695656E-06 0.00000000 0.00000000 0.00000000 0.00000000 0.00000000
4.45000029 1.05072468E-05 1.08695656E-06 0.00000000 0.00000000 0.00000000 0.00000000 0.00000000
4.50000000 1.19565220E-05 4.71014482E-06 0.00000000 0.00000000 0.00000000 0.00000000 0.00000000
4.55000019 4.71014482E-06 1.81159419E-06 0.00000000 0.00000000 0.00000000 0.00000000 0.00000000
4.60000038 4.34782623E-06 1.08695656E-06 0.00000000 0.00000000 0.00000000 0.00000000 0.00000000
4.65000010 4.34782623E-06 3.62318843E-07 0.00000000 0.00000000 0.00000000 0.00000000 0.00000000
4.70000029 3.62318838E-06 1.08695656E-06 0.00000000 0.00000000 0.00000000 0.00000000 0.00000000
4.75000000 2.17391312E-06 3.62318843E-07 0.00000000 0.00000000 0.00000000 0.00000000 0.00000000
4.80000019 3.62318843E-07 1.08695656E-06 0.00000000 0.00000000 0.00000000 0.00000000 0.00000000
4.85000038 7.24637687E-07 1.08695656E-06 0.00000000 0.00000000 0.00000000 0.00000000 0.00000000
4.90000010 1.08695656E-06 2.89855075E-06 0.00000000 0.00000000 0.00000000 0.00000000 0.00000000
4.95000029 0.00000000 0.00000000 0.00000000 0.00000000 0.00000000 0.00000000 0.00000000
5.00000000 0.00000000 0.00000000 0.00000000 0.00000000 0.00000000 0.00000000 0.00000000
5.05000019 0.00000000 0.00000000 0.00000000 0.00000000 0.00000000 0.00000000 0.00000000
5.10000038 0.00000000 0.00000000 0.00000000 0.00000000 0.00000000 0.00000000 0.00000000
5.15000010 0.00000000 0.00000000 0.00000000 0.00000000 0.00000000 0.00000000 0.00000000
5.20000029 0.00000000 0.00000000 0.00000000 0.00000000 0.00000000 0.00000000 0.00000000
5.25000000 0.00000000 0.00000000 0.00000000 0.00000000 0.00000000 0.00000000 0.00000000
5.30000019 0.00000000 0.00000000 0.00000000 0.00000000 0.00000000 0.00000000 0.00000000
5.35000038 0.00000000 0.00000000 0.00000000 0.00000000 0.00000000 0.00000000 0.00000000
5.40000010 0.00000000 0.00000000 0.00000000 0.00000000 0.00000000 0.00000000 0.00000000
5.45000029 0.00000000 0.00000000 0.00000000 0.00000000 0.00000000 0.00000000 0.00000000
5.50000000 0.00000000 0.00000000 0.00000000 0.00000000 0.00000000 0.00000000 0.00000000
5.55000019 0.00000000 0.00000000 0.00000000 0.00000000 0.00000000 0.00000000 0.00000000
5.60000038 0.00000000 0.00000000 0.00000000 0.00000000 0.00000000 0.00000000 0.00000000
5.65000010 0.00000000 0.00000000 0.00000000 0.00000000 0.00000000 0.00000000 0.00000000
5.70000029 0.00000000 0.00000000 0.00000000 0.00000000 0.00000000 0.00000000 0.00000000
5.75000000 0.00000000 0.00000000 0.00000000 0.00000000 0.00000000 0.00000000 0.00000000
5.80000019 0.00000000 0.00000000 0.00000000 0.00000000 0.00000000 0.00000000 0.00000000
5.85000038 0.00000000 0.00000000 0.00000000 0.00000000 0.00000000 0.00000000 0.00000000
5.90000010 0.00000000 0.00000000 0.00000000 0.00000000 0.00000000 0.00000000 0.00000000
5.95000029 0.00000000 0.00000000 0.00000000 0.00000000 0.00000000 0.00000000 0.00000000
6.00000000 0.00000000 0.00000000 0.00000000 0.00000000 0.00000000 0.00000000 0.00000000
6.05000019 0.00000000 0.00000000 0.00000000 0.00000000 0.00000000 0.00000000 0.00000000
6.10000038 0.00000000 0.00000000 0.00000000 0.00000000 0.00000000 0.00000000 0.00000000
6.15000010 0.00000000 0.00000000 0.00000000 0.00000000 0.00000000 0.00000000 0.00000000
