1.04999995 0.00000000 0.00000000 0.00000000 0.00000000 0.00000000 0.00000000 0.00000000 0.00000000 0.00000000 0.00000000 0.00000000
1.09999990 0.00000000 0.00000000 0.00000000 0.00000000 0.00000000 0.00000000 0.00000000 0.00000000 0.00000000 0.00000000 0.00000000
1.14999998 4.66666679E-05 2.22222225E-05 3.33333337E-05 1.99999995E-05 2.22222225E-05 3.22222222E-05 1.77777783E-05 1.99999995E-05 1.77777783E-05 5.33333332E-05 1.11111112E-05
1.19999993 3.26666661E-04 1.82222226E-04 1.26666666E-04 1.10000001E-04 1.24444443E-04 1.67777776E-04 9.88888860E-05 1.27777777E-04 9.88888860E-05 2.26666671E-04 6.77777789E-05
1.25000000 1.91111118E-04 3.28888884E-04 1.53333327E-04 1.34444446E-04 2.33333340E-04 2.74444435E-04 1.14444447E-04 2.24444448E-04 1.31111112E-04 2.78888881E-04 1.01111109E-04
1.29999995 1.68888888E-04 2.73333339E-04 1.66666665E-04 2.12222221E-04 2.93333345E-04 2.84444453E-04 1.27777777E-04 2.68888893E-04 1.38888892E-04 3.03333334E-04 1.53333327E-04
1.34999990 2.60000001E-04 3.82222235E-04 2.31111117E-04 2.03333329E-04 2.88888899E-04 3.98888893E-04 1.74444445E-04 2.54444458E-04 1.42222227E-04 2.93333345E-04 1.80000003E-04
1.39999998 3.64444451E-04 5.64444461E-04 2.71111116E-04 2.91111122E-04 3.19999992E-04 4.58888884E-04 2.21111113E-04 3.51111114E-04 1.77777780E-04 3.86666681E-04 2.30000005E-04
1.44999993 5.24444447E-04 6.26666646E-04 3.51111114E-04 4.15555551E-04 3.88888875E-04 5.54444443E-04 2.51111109E-04 4.69999999E-04 2.37777771E-04 4.83333337E-04 3.03333334E-04
1.50000000 5.42222231E-04 6.48888876E-04 4.04444436E-04 5.23333321E-04 5.62222209E-04 7.43333308E-04 3.17777769E-04 6.60000020E-04 3.46666668E-04 6.90000015E-04 3.93333321E-04
1.54999995 6.26666646E-04 8.44444439E-04 5.48888871E-04 6.37777790E-04 8.74444435E-04 9.28888912E-04 3.74444440E-04 7.84444448E-04 5.13333362E-04 8.11111124E-04 5.26666641E-04
1.59999990 7.15555565E-04 1.08666671E-03 7.68888916E-04 8.13333318E-04 1.10444450E-03 1.08666671E-03 4.97777772E-04 9.71111120E-04 5.92222204E-04 9.41111124E-04 8.15555570E-04
1.64999998 8.46666691E-04 1.25333329E-03 9.59999976E-04 1.20666670E-03 1.40666671E-03 1.50666665E-03 7.65555538E-04 1.40111113E-03 7.06666673E-04 1.21333334E-03 1.24222226E-03
1.70000005 9.68888868E-04 1.72666670E-03 1.26000005E-03 1.58444443E-03 1.73888891E-03 1.90444442E-03 1.12666667E-03 1.71666662E-03 9.54444462E-04 1.53999997E-03 1.64999999E-03
1.75000000 1.24444440E-03 2.28888891E-03 1.68888888E-03 1.97222224E-03 2.26222211E-03 2.36333325E-03 1.67111109E-03 2.30777776E-03 1.34444446E-03 2.09333329E-03 2.30555562E-03
1.79999995 1.70666666E-03 2.86222226E-03 2.06222222E-03 2.55444436E-03 2.95777782E-03 3.17777786E-03 2.15222221E-03 3.03222216E-03 1.85777782E-03 3.03777773E-03 3.19111114E-03
1.84999990 2.30000005E-03 3.93111119E-03 2.78444448E-03 3.71444435E-03 4.26333351E-03 4.36333334E-03 3.21555557E-03 4.02222201E-03 2.85444455E-03 4.35222220E-03 4.87333350E-03
1.89999998 3.06222215E-03 5.13777789E-03 4.59777797E-03 5.64333331E-03 6.18222216E-03 6.47555571E-03 5.12999995E-03 6.27777772E-03 4.05333331E-03 6.82444451E-03 7.61888875E-03
1.95000005 4.07333346E-03 7.48222228E-03 6.95555564E-03 9.94444452E-03 1.05977776E-02 1.02666663E-02 9.92444437E-03 9.77666676E-03 7.51888892E-03 1.13077778E-02 1.40877776E-02
2.00000000 6.73777796E-03 1.94933340E-02 2.07511112E-02 3.26088890E-02 3.25866677E-02 3.22611108E-02 3.79666649E-02 2.73144450E-02 2.63744444E-02 4.24755551E-02 5.16400002E-02
2.04999995 2.24222220E-03 2.60666665E-03 2.38666660E-03 2.75555556E-03 2.43999995E-03 2.86888890E-03 1.96555560E-03 3.04333330E-03 1.87000004E-03 2.33111111E-03 2.07777787E-03
2.10000014 2.73555564E-03 3.59999994E-03 3.43333324E-03 3.74444434E-03 3.62666673E-03 3.99111118E-03 2.93111103E-03 4.26222244E-03 2.82222219E-03 3.38777783E-03 3.18444450E-03
2.14999986 4.42888867E-03 5.84000023E-03 6.36666687E-03 7.21111102E-03 6.91777794E-03 7.34444428E-03 5.82111115E-03 7.26555567E-03 5.63222216E-03 6.33555558E-03 6.06777798E-03
2.20000005 5.85555565E-03 9.41333361E-03 1.02622220E-02 1.14944447E-02 1.10133337E-02 1.15822218E-02 9.84555576E-03 1.16800005E-02 9.43777803E-03 1.01211108E-02 1.01833334E-02
2.25000000 6.41333312E-03 8.99999961E-03 1.10288886E-02 1.16044441E-02 1.10733332E-02 1.16144447E-02 1.05566671E-02 1.25766667E-02 1.03811109E-02 1.03322221E-02 1.09955557E-02
2.29999995 6.55777799E-03 9.47999954E-03 1.10466667E-02 1.23066669E-02 1.19888885E-02 1.26577774E-02 1.12377778E-02 1.33100003E-02 1.12866666E-02 1.11066671E-02 1.18244449E-02
2.35000014 7.17555545E-03 9.86666698E-03 1.22622224E-02 1.39244441E-02 1.37511110E-02 1.38900001E-02 1.25099998E-02 1.45788891E-02 1.26588885E-02 1.23266671E-02 1.30033335E-02
2.39999986 8.31333362E-03 1.10244444E-02 1.39422221E-02 1.53366663E-02 1.47122219E-02 1.55288884E-02 1.44800004E-02 1.65899992E-02 1.44211110E-02 1.39411110E-02 1.47322221E-02
2.45000005 8.80444422E-03 1.22177778E-02 1.69111118E-02 1.73977781E-02 1.64744444E-02 1.79666672E-02 1.62733328E-02 1.86911114E-02 1.68233328E-02 1.61844436E-02 1.62722226E-02
2.50000000 1.01377778E-02 1.35511113E-02 1.82755552E-02 1.97055563E-02 1.89500004E-02 1.98744442E-02 1.88988894E-02 2.13755555E-02 1.94000006E-02 1.89155564E-02 1.87144447E-02
2.54999995 1.12911109E-02 1.51755558E-02 2.10088883E-02 2.26133335E-02 2.13688891E-02 2.27477774E-02 2.18311120E-02 2.39288881E-02 2.23777778E-02 2.18788888E-02 2.19155550E-02
2.60000014 1.23466663E-02 1.72422230E-02 2.45311111E-02 2.54211109E-02 2.46488880E-02 2.66488884E-02 2.50855554E-02 2.79277787E-02 2.68388893E-02 2.54633334E-02 2.59866659E-02
2.64999986 1.35711115E-02 2.00466663E-02 2.90555563E-02 2.97366660E-02 2.89222226E-02 3.12733315E-02 2.88666673E-02 3.18644457E-02 3.16266678E-02 3.03799994E-02 3.14211100E-02
2.70000005 1.52866663E-02 2.21777782E-02 3.28088887E-02 3.42488885E-02 3.36911120E-02 3.67044434E-02 3.43444459E-02 3.75499986E-02 3.74422222E-02 3.68355550E-02 3.73344459E-02
2.75000000 1.68488882E-02 2.47266665E-02 3.95066664E-02 3.98211107E-02 3.98622230E-02 4.39844429E-02 4.20311093E-02 4.42555547E-02 4.60911095E-02 4.56211120E-02 4.44366671E-02
2.79999995 1.93399992E-02 3.01088896E-02 4.64800000E-02 4.67699990E-02 4.79499996E-02 5.25499992E-02 5.12877777E-02 5.43166660E-02 5.76477796E-02 5.65466657E-02 5.55266663E-02
2.85000014 2.22155564E-02 3.59533317E-02 5.56222238E-02 5.66622205E-02 5.86955547E-02 6.41977787E-02 6.51822239E-02 6.76255524E-02 7.23433346E-02 7.38666654E-02 7.21233338E-02
2.89999986 2.61199996E-02 4.25000004E-02 6.95533305E-02 6.89644441E-02 7.41966665E-02 8.17222223E-02 8.17222223E-02 8.79255533E-02 9.33311135E-02 9.76733342E-02 9.70844477E-02
2.95000005 3.06577776E-02 5.22955544E-02 8.56022239E-02 8.59988853E-02 9.84455571E-02 0.107045554 0.110359997 0.113986664 0.126248896 0.133650005 0.133593336
3.00000000 3.59133333E-02 6.67088926E-02 0.110895559 0.110547781 0.138439998 0.148317784 0.159158885 0.161256671 0.181826666 0.198009998 0.199126661
3.04999995 1.57022215E-02 1.47511112E-02 1.19399996E-02 1.26333330E-02 1.09033333E-02 8.25777743E-03 9.14222188E-03 7.33333314E-03 6.64555561E-03 4.76444466E-03 3.69666656E-03
3.09999990 1.84088890E-02 1.78844444E-02 1.49511108E-02 1.51577778E-02 1.34611111E-02 1.04955556E-02 1.09944446E-02 8.95111077E-03 8.23888928E-03 5.68555575E-03 4.57333354E-03
3.15000010 2.36577783E-02 2.36333329E-02 2.11200006E-02 2.03311108E-02 1.82377771E-02 1.49788884E-02 1.49777774E-02 1.25244446E-02 1.16022220E-02 8.22666660E-03 6.50000013E-03
3.20000005 2.67133340E-02 2.61022225E-02 2.26955563E-02 2.22955551E-02 2.01388896E-02 1.69277769E-02 1.65677778E-02 1.40100000E-02 1.28499996E-02 8.87111109E-03 7.15444423E-03
3.25000000 2.58244444E-02 2.37377770E-02 2.02577785E-02 1.92688890E-02 1.73144452E-02 1.47111109E-02 1.46844443E-02 1.21055553E-02 1.11566670E-02 7.91777764E-03 6.40999991E-03
3.29999995 2.56133340E-02 2.31111106E-02 1.80133339E-02 1.74133331E-02 1.59677770E-02 1.26811108E-02 1.28844446E-02 1.10111116E-02 1.01444442E-02 6.96555572E-03 5.67333354E-03
3.34999990 2.51888894E-02 2.21777782E-02 1.64466668E-02 1.65100005E-02 1.43999998E-02 1.16488887E-02 1.22355558E-02 1.00711109E-02 9.29777790E-03 6.40444458E-03 5.17999986E-03
3.40000010 2.49244440E-02 2.21377779E-02 1.58377774E-02 1.58988889E-02 1.37188891E-02 1.08833332E-02 1.11811114E-02 8.94888863E-03 8.94888863E-03 5.74777788E-03 4.78333328E-03
3.45000005 2.50777770E-02 2.10711118E-02 1.44377779E-02 1.48911113E-02 1.30122220E-02 9.96000040E-03 1.06277773E-02 8.56999960E-03 8.14777799E-03 5.16444445E-03 4.53444431E-03
3.50000000 2.51977779E-02 2.05377769E-02 1.44177778E-02 1.43722221E-02 1.23800002E-02 9.33444407E-03 1.00511108E-02 8.10333341E-03 7.51333311E-03 4.76888893E-03 4.12555551E-03
3.54999995 2.49288883E-02 2.05688886E-02 1.41733335E-02 1.37066664E-02 1.13677774E-02 8.70777760E-03 9.95444413E-03 7.77333323E-03 7.22333323E-03 4.42000013E-03 3.91666684E-03
3.59999990 2.49000005E-02 2.07644440E-02 1.37111107E-02 1.29500004E-02 1.11411111E-02 7.94333313E-03 9.37666651E-03 7.58444425E-03 6.69444446E-03 4.19888878E-03 3.97666683E-03
3.65000010 2.36866660E-02 1.96844451E-02 1.29288891E-02 1.19033335E-02 1.06311115E-02 7.40000000E-03 8.95111077E-03 6.83666673E-03 6.34111091E-03 4.00555553E-03 3.50444438E-03
3.70000005 2.46755555E-02 1.92511119E-02 1.22555560E-02 1.11866668E-02 9.97333322E-03 6.65777782E-03 8.41555558E-03 6.52222242E-03 5.89555549E-03 3.54333338E-03 3.27222212E-03
3.75000000 2.40577776E-02 1.93222221E-02 1.22400001E-02 9.92999971E-03 9.23999958E-03 6.32999977E-03 7.85111077E-03 6.35555573E-03 5.22222230E-03 3.21777770E-03 3.09111108E-03
3.79999995 2.29599997E-02 1.92511119E-02 1.16222221E-02 9.59444419E-03 8.44777748E-03 5.90555556E-03 6.79333322E-03 5.77111123E-03 4.99666668E-03 2.81222211E-03 2.80777784E-03
3.84999990 2.21911110E-02 1.82333328E-02 1.04599996E-02 8.58666655E-03 7.71666644E-03 4.87888884E-03 6.41222205E-03 5.42333350E-03 4.48444439E-03 2.19777785E-03 2.61666672E-03
3.90000010 2.09244452E-02 1.69933327E-02 9.92444437E-03 7.68333348E-03 6.60444424E-03 4.35333326E-03 5.79555565E-03 4.39222204E-03 4.26222244E-03 2.04333337E-03 2.44555552E-03
3.95000005 1.92555562E-02 1.58088896E-02 8.39111116E-03 6.32999977E-03 5.43333311E-03 4.00000019E-03 4.89888899E-03 3.69444443E-03 3.72777786E-03 1.58000004E-03 1.88888889E-03
4.00000000 1.60200000E-02 1.26088886E-02 6.63555553E-03 4.86888876E-03 4.11777757E-03 3.05333338E-03 3.26333335E-03 2.77777785E-03 2.24888884E-03 1.12333335E-03 1.43555552E-03
4.05000019 1.25888893E-02 9.64222196E-03 4.01777774E-03 3.20111122E-03 1.99000002E-03 1.64444442E-03 1.46333338E-03 8.08888872E-04 7.36666669E-04 3.73333343E-04 3.49999988E-04
4.10000038 1.25888893E-02 9.71111096E-03 4.10666689E-03 3.17555550E-03 1.89333328E-03 1.58333336E-03 1.47444441E-03 7.35555543E-04 6.53333322E-04 4.18888900E-04 3.63333325E-04
4.15000057 1.25644440E-02 9.29777790E-03 4.06444445E-03 3.11777787E-03 1.84222218E-03 1.79555558E-03 1.48111116E-03 7.17777759E-04 6.07777794E-04 3.43333348E-04 4.07777785E-04
4.20000029 1.19466670E-02 9.22888890E-03 3.95111134E-03 2.95666675E-03 1.70999998E-03 1.65888888E-03 1.40555552E-03 6.65555533E-04 5.28888893E-04 3.21111118E-04 2.72222213E-04
4.25000000 1.17622223E-02 8.10888875E-03 3.28444433E-03 2.73222220E-03 1.58111111E-03 1.59111107E-03 1.15111109E-03 6.25555578E-04 4.60000010E-04 2.76666658E-04 2.39999994E-04
4.30000019 1.10377781E-02 7.99333304E-03 3.14888894E-03 2.45444453E-03 1.33222225E-03 1.38444442E-03 1.03555550E-03 4.92222200E-04 4.75555542E-04 2.85555550E-04 2.30000005E-04
4.35000038 1.03955558E-02 7.47555541E-03 2.98666675E-03 2.20888900E-03 1.21333334E-03 1.33999996E-03 9.24444466E-04 4.36666654E-04 3.71111120E-04 2.35555563E-04 2.16666667E-04
4.40000057 9.67777800E-03 7.00666662E-03 2.99111102E-03 2.06111115E-03 1.00888894E-03 1.27666665E-03 8.21111083E-04 3.32222233E-04 2.78888881E-04 2.03333329E-04 2.08888887E-04
4.45000029 9.27999988E-03 6.41999999E-03 2.66444450E-03 1.91333331E-03 9.66666674E-04 1.01444439E-03 8.08888872E-04 3.35555553E-04 2.58888875E-04 1.61111107E-04 1.75555557E-04
4.50000000 8.95777810E-03 6.07555546E-03 2.23333342E-03 1.62222225E-03 8.95555539E-04 9.48888890E-04 6.75555551E-04 3.18888895E-04 2.36666659E-04 1.13333335E-04 1.35555558E-04
4.55000019 8.26222263E-03 5.46222227E-03 1.94444449E-03 1.53888890E-03 8.90000025E-04 1.00333337E-03 7.11111119E-04 2.98888888E-04 1.84444449E-04 1.22222220E-04 1.22222220E-04
4.60000038 8.17111135E-03 4.91555547E-03 1.72888883E-03 1.40444445E-03 7.43333308E-04 8.26666655E-04 5.45555551E-04 2.07777775E-04 1.73333334E-04 1.04444443E-04 8.11111095E-05
4.65000057 7.60666654E-03 4.46666684E-03 1.65777782E-03 1.24888890E-03 6.11111114E-04 7.73333362E-04 5.84444439E-04 1.80000003E-04 1.14444447E-04 7.44444478E-05 1.03333332E-04
4.70000029 7.21111102E-03 4.05555544E-03 1.50222227E-03 1.10999995E-03 6.14444434E-04 6.66666660E-04 4.53333341E-04 1.63333330E-04 8.88888899E-05 9.99999975E-05 9.55555588E-05
4.75000000 6.96666678E-03 3.98222217E-03 1.31333328E-03 8.99999985E-04 5.81111119E-04 6.12222240E-04 4.05555562E-04 1.37777781E-04 8.44444439E-05 5.99999985E-05 8.55555554E-05
4.80000019 6.52888883E-03 3.53111117E-03 1.06000004E-03 7.73333362E-04 4.90000006E-04 4.94444452E-04 3.57777782E-04 1.34444446E-04 1.15555558E-04 4.33333335E-05 5.22222217E-05
4.85000038 5.99333318E-03 3.13333329E-03 9.37777804E-04 6.37777790E-04 4.27777792E-04 4.14444454E-04 3.41111125E-04 9.77777745E-05 7.55555520E-05 5.11111102E-05 4.99999987E-05
4.90000057 5.80888893E-03 2.85999989E-03 7.48888880E-04 4.91111132E-04 4.11111105E-04 3.35555553E-04 2.58888875E-04 6.44444444E-05 7.44444478E-05 3.11111107E-05 4.33333335E-05
4.95000029 5.40666655E-03 2.48888880E-03 6.11111114E-04 4.21111123E-04 3.74444440E-04 2.78888881E-04 1.34444446E-04 5.11111102E-05 3.55555567E-05 2.99999992E-05 3.99999990E-05
5.00000000 4.71555535E-03 2.15333328E-03 6.00000028E-04 3.01111111E-04 2.61111098E-04 1.72222222E-04 1.33333335E-04 3.33333337E-05 3.99999990E-05 3.33333337E-05 4.44444458E-06
5.05000019 4.44222242E-03 1.92444446E-03 4.35555557E-04 2.18888890E-04 2.60000001E-04 1.35555558E-04 1.03333332E-04 1.88888880E-05 2.44444436E-05 1.55555554E-05 7.77777768E-06
5.10000038 4.30444442E-03 1.70666666E-03 4.68888902E-04 1.86666672E-04 2.14444444E-04 1.15555558E-04 1.11111112E-04 2.22222225E-05 2.66666666E-05 1.66666669E-05 4.44444458E-06
5.15000010 4.30888869E-03 1.72666670E-03 4.13333328E-04 1.59999996E-04 1.97777772E-04 1.21111108E-04 8.55555554E-05 2.88888896E-05 1.11111112E-05 1.22222218E-05 7.77777768E-06
5.20000029 3.77555564E-03 1.67999999E-03 3.71111120E-04 1.51111104E-04 2.27777782E-04 9.66666703E-05 7.22222248E-05 3.22222222E-05 2.22222229E-06 2.44444436E-05 4.44444458E-06
5.25000048 3.85777769E-03 1.58444443E-03 3.73333343E-04 1.08888889E-04 2.32222228E-04 1.23333331E-04 8.88888899E-05 3.66666682E-05 4.44444458E-06 1.88888880E-05 1.11111115E-06
5.30000019 3.69111123E-03 1.38000003E-03 3.26666661E-04 7.22222248E-05 1.85555560E-04 9.22222243E-05 7.11111134E-05 1.77777783E-05 4.44444458E-06 6.66666665E-06 3.33333332E-06
5.35000038 3.53333331E-03 1.27111108E-03 2.86666676E-04 6.33333329E-05 1.76666668E-04 9.11111129E-05 5.88888906E-05 1.44444448E-05 4.44444458E-06 7.77777768E-06 2.22222229E-06
5.40000010 3.26444441E-03 1.15333335E-03 2.93333345E-04 7.33333363E-05 1.91111118E-04 7.11111134E-05 4.22222220E-05 1.11111112E-05 0.00000000 7.77777768E-06 2.22222229E-06
5.45000029 3.26888892E-03 1.05333328E-03 2.28888894E-04 7.44444478E-05 1.58888884E-04 4.88888872E-05 5.22222217E-05 1.33333333E-05 0.00000000 8.88888917E-06 5.55555562E-06
5.50000048 2.92888889E-03 8.59999971E-04 2.42222217E-04 4.11111105E-05 1.23333331E-04 4.55555564E-05 4.44444449E-05 1.66666669E-05 0.00000000 8.88888917E-06 1.11111115E-06
5.55000019 2.57333345E-03 8.80000007E-04 2.06666664E-04 3.77777760E-05 8.66666669E-05 3.11111107E-05 4.44444449E-05 1.44444448E-05 0.00000000 3.33333332E-06 0.00000000
5.60000038 2.58888886E-03 8.53333331E-04 2.26666671E-04 2.66666666E-05 7.22222248E-05 3.66666682E-05 2.33333340E-05 6.66666665E-06 0.00000000 2.22222229E-06 0.00000000
5.65000010 2.33555562E-03 7.64444470E-04 1.51111104E-04 2.88888896E-05 7.44444478E-05 2.11111110E-05 3.11111107E-05 3.33333332E-06 0.00000000 3.33333332E-06 0.00000000
5.70000029 2.30666669E-03 6.53333322E-04 1.80000003E-04 1.55555554E-05 7.66666635E-05 7.77777768E-06 3.66666682E-05 5.55555562E-06 0.00000000 1.77777783E-05 0.00000000
5.75000048 1.95111113E-03 6.53333322E-04 1.82222226E-04 8.88888917E-06 2.99999992E-05 7.77777768E-06 2.66666666E-05 0.00000000 0.00000000 1.11111112E-05 0.00000000
5.80000019 1.72888883E-03 6.15555560E-04 1.80000003E-04 4.44444458E-06 3.66666682E-05 1.11111112E-05 3.66666682E-05 0.00000000 0.00000000 6.66666665E-06 0.00000000
5.85000038 1.67999999E-03 4.86666657E-04 1.24444443E-04 3.33333332E-06 3.11111107E-05 1.22222218E-05 2.33333340E-05 0.00000000 0.00000000 3.33333332E-06 0.00000000
5.90000010 1.45111117E-03 4.13333328E-04 1.22222220E-04 2.22222229E-06 1.66666669E-05 1.55555554E-05 2.77777781E-05 0.00000000 0.00000000 0.00000000 0.00000000
5.95000029 1.39333331E-03 3.80000012E-04 1.24444443E-04 2.22222229E-06 1.66666669E-05 6.66666665E-06 1.66666669E-05 0.00000000 0.00000000 0.00000000 0.00000000
6.00000048 1.32222218E-03 2.71111116E-04 1.15555558E-04 5.55555562E-06 3.33333332E-06 4.44444458E-06 2.22222225E-05 0.00000000 0.00000000 0.00000000 0.00000000
6.05000019 1.17777777E-03 1.84444449E-04 1.28888889E-04 0.00000000 4.44444458E-06 8.88888917E-06 1.77777783E-05 0.00000000 0.00000000 0.00000000 0.00000000
6.10000038 1.16666663E-03 1.91111118E-04 9.77777745E-05 0.00000000 4.44444458E-06 3.33333332E-06 1.33333333E-05 0.00000000 0.00000000 0.00000000 0.00000000
6.15000010 1.08888885E-03 1.44444450E-04 9.33333358E-05 0.00000000 2.22222229E-06 2.22222229E-06 2.11111110E-05 0.00000000 0.00000000 0.00000000 0.00000000
6.20000029 9.44444444E-04 1.53333327E-04 9.77777745E-05 0.00000000 1.11111115E-06 3.33333332E-06 7.77777768E-06 0.00000000 0.00000000 0.00000000 0.00000000
6.25000048 9.48888890E-04 8.22222210E-05 7.77777750E-05 0.00000000 1.11111115E-06 6.66666665E-06 9.99999975E-06 0.00000000 0.00000000 0.00000000 0.00000000
6.30000019 8.28888908E-04 7.11111134E-05 9.55555588E-05 0.00000000 2.22222229E-06 3.33333332E-06 7.77777768E-06 0.00000000 0.00000000 0.00000000 0.00000000
6.35000038 7.99999980E-04 7.11111134E-05 8.66666669E-05 0.00000000 4.44444458E-06 5.55555562E-06 3.33333332E-06 0.00000000 0.00000000 0.00000000 0.00000000
6.40000010 6.93333335E-04 5.55555562E-05 8.66666669E-05 0.00000000 3.33333332E-06 0.00000000 1.11111115E-06 0.00000000 0.00000000 0.00000000 0.00000000
6.45000029 6.02222222E-04 2.88888896E-05 7.55555520E-05 0.00000000 0.00000000 0.00000000 3.33333332E-06 0.00000000 0.00000000 0.00000000 0.00000000
6.50000048 5.75555547E-04 4.88888872E-05 7.33333363E-05 0.00000000 0.00000000 0.00000000 3.33333332E-06 0.00000000 0.00000000 0.00000000 0.00000000
6.55000019 4.93333326E-04 3.99999990E-05 9.33333358E-05 0.00000000 0.00000000 0.00000000 3.33333332E-06 0.00000000 0.00000000 0.00000000 0.00000000
6.60000038 4.35555557E-04 3.55555567E-05 6.66666674E-05 0.00000000 0.00000000 0.00000000 3.33333332E-06 0.00000000 0.00000000 0.00000000 0.00000000
6.65000010 4.68888902E-04 1.99999995E-05 4.66666679E-05 0.00000000 0.00000000 0.00000000 3.33333332E-06 0.00000000 0.00000000 0.00000000 0.00000000
6.70000029 3.71111120E-04 3.99999990E-05 5.99999985E-05 0.00000000 0.00000000 0.00000000 5.55555562E-06 0.00000000 0.00000000 0.00000000 0.00000000
6.75000048 3.35555553E-04 6.66666665E-06 4.44444449E-05 0.00000000 0.00000000 0.00000000 4.44444458E-06 0.00000000 0.00000000 0.00000000 0.00000000
6.80000019 3.11111100E-04 1.11111112E-05 6.22222215E-05 0.00000000 0.00000000 0.00000000 0.00000000 0.00000000 0.00000000 0.00000000 0.00000000
6.85000038 3.22222215E-04 1.99999995E-05 5.77777791E-05 0.00000000 0.00000000 0.00000000 0.00000000 0.00000000 0.00000000 0.00000000 0.00000000
6.90000010 2.88888899E-04 6.66666665E-06 2.44444436E-05 0.00000000 0.00000000 0.00000000 0.00000000 0.00000000 0.00000000 0.00000000 0.00000000
6.95000029 2.33333340E-04 2.22222229E-06 3.55555567E-05 0.00000000 0.00000000 0.00000000 0.00000000 0.00000000 0.00000000 0.00000000 0.00000000
7.00000048 2.62222224E-04 2.22222229E-06 4.66666679E-05 0.00000000 0.00000000 0.00000000 0.00000000 0.00000000 0.00000000 0.00000000 0.00000000
7.05000019 0.00000000 0.00000000 0.00000000 0.00000000 0.00000000 0.00000000 0.00000000 0.00000000 0.00000000 0.00000000 0.00000000
