1.04999995 0.00000000 0.00000000 0.00000000 0.00000000 0.00000000 0.00000000 0.00000000 0.00000000 0.00000000 0.00000000 0.00000000
1.09999990 0.00000000 0.00000000 0.00000000 0.00000000 0.00000000 0.00000000 0.00000000 0.00000000 0.00000000 0.00000000 0.00000000
1.14999998 0.00000000 0.00000000 0.00000000 0.00000000 0.00000000 0.00000000 0.00000000 0.00000000 0.00000000 0.00000000 0.00000000
1.19999993 0.00000000 0.00000000 0.00000000 0.00000000 0.00000000 0.00000000 0.00000000 0.00000000 0.00000000 0.00000000 0.00000000
1.25000000 0.00000000 0.00000000 0.00000000 0.00000000 0.00000000 0.00000000 0.00000000 0.00000000 0.00000000 0.00000000 0.00000000
1.29999995 0.00000000 0.00000000 0.00000000 0.00000000 0.00000000 0.00000000 0.00000000 0.00000000 0.00000000 0.00000000 0.00000000
1.34999990 0.00000000 0.00000000 0.00000000 0.00000000 0.00000000 0.00000000 0.00000000 0.00000000 0.00000000 0.00000000 0.00000000
1.39999998 0.00000000 0.00000000 0.00000000 0.00000000 0.00000000 0.00000000 0.00000000 0.00000000 0.00000000 0.00000000 0.00000000
1.44999993 0.00000000 0.00000000 0.00000000 0.00000000 0.00000000 0.00000000 0.00000000 0.00000000 0.00000000 0.00000000 0.00000000
1.50000000 0.00000000 0.00000000 0.00000000 0.00000000 0.00000000 0.00000000 0.00000000 0.00000000 0.00000000 0.00000000 0.00000000
1.54999995 0.00000000 0.00000000 0.00000000 0.00000000 0.00000000 0.00000000 0.00000000 0.00000000 0.00000000 0.00000000 0.00000000
1.59999990 0.00000000 0.00000000 0.00000000 0.00000000 0.00000000 0.00000000 0.00000000 0.00000000 0.00000000 0.00000000 0.00000000
1.64999998 0.00000000 0.00000000 0.00000000 0.00000000 0.00000000 0.00000000 0.00000000 0.00000000 0.00000000 0.00000000 1.66666666E-06
1.70000005 0.00000000 0.00000000 0.00000000 0.00000000 0.00000000 0.00000000 0.00000000 0.00000000 0.00000000 0.00000000 1.11111115E-06
1.75000000 0.00000000 0.00000000 0.00000000 0.00000000 0.00000000 0.00000000 0.00000000 0.00000000 0.00000000 0.00000000 5.55555573E-07
1.79999995 0.00000000 0.00000000 0.00000000 0.00000000 0.00000000 0.00000000 0.00000000 0.00000000 0.00000000 5.55555573E-07 5.55555573E-07
1.84999990 0.00000000 0.00000000 0.00000000 0.00000000 0.00000000 0.00000000 0.00000000 0.00000000 0.00000000 1.11111115E-06 1.11111115E-06
1.89999998 0.00000000 0.00000000 0.00000000 0.00000000 0.00000000 0.00000000 0.00000000 0.00000000 0.00000000 5.55555573E-07 2.77777781E-06
1.95000005 0.00000000 0.00000000 0.00000000 0.00000000 0.00000000 0.00000000 0.00000000 0.00000000 0.00000000 5.55555573E-07 3.33333332E-06
2.00000000 0.00000000 0.00000000 0.00000000 0.00000000 0.00000000 5.55555573E-07 0.00000000 0.00000000 0.00000000 2.22222229E-06 2.22222229E-06
2.04999995 0.00000000 0.00000000 0.00000000 0.00000000 1.11111115E-06 1.11111115E-06 0.00000000 0.00000000 0.00000000 5.55555573E-07 5.55555562E-06
2.10000014 0.00000000 0.00000000 0.00000000 0.00000000 5.55555573E-07 1.11111115E-06 0.00000000 0.00000000 5.55555573E-07 1.11111115E-06 4.99999987E-06
2.14999986 0.00000000 0.00000000 0.00000000 1.11111115E-06 5.55555573E-07 2.77777781E-06 0.00000000 1.66666666E-06 0.00000000 4.44444458E-06 8.88888917E-06
2.20000005 0.00000000 0.00000000 0.00000000 1.11111115E-06 1.11111115E-06 2.22222229E-06 0.00000000 2.22222229E-06 5.55555573E-07 3.88888884E-06 1.61111111E-05
2.25000000 0.00000000 0.00000000 0.00000000 2.22222229E-06 3.33333332E-06 4.99999987E-06 0.00000000 5.55555573E-07 0.00000000 3.33333332E-06 1.44444448E-05
2.29999995 0.00000000 0.00000000 0.00000000 2.77777781E-06 6.11111091E-06 1.66666666E-06 0.00000000 1.66666666E-06 5.55555573E-07 6.66666665E-06 2.27777782E-05
2.35000014 0.00000000 2.22222229E-06 0.00000000 4.44444458E-06 4.99999987E-06 2.77777781E-06 0.00000000 1.66666666E-06 2.77777781E-06 8.33333343E-06 3.50000009E-05
2.39999986 0.00000000 1.11111115E-06 5.55555562E-06 6.11111091E-06 3.33333332E-06 7.22222239E-06 0.00000000 3.33333332E-06 3.33333332E-06 8.33333343E-06 5.44444447E-05
2.45000005 0.00000000 6.66666665E-06 4.44444458E-06 5.55555562E-06 6.11111091E-06 9.99999975E-06 0.00000000 3.88888884E-06 5.55555562E-06 1.38888890E-05 6.55555559E-05
2.50000000 0.00000000 1.55555554E-05 2.22222229E-06 6.11111091E-06 8.88888917E-06 2.77777781E-06 0.00000000 6.11111091E-06 5.55555562E-06 1.72222226E-05 8.44444439E-05
2.54999995 0.00000000 9.99999975E-06 3.33333332E-06 5.55555562E-06 7.77777768E-06 1.11111112E-05 5.55555573E-07 7.22222239E-06 4.99999987E-06 2.99999992E-05 9.05555571E-05
2.60000014 0.00000000 1.33333333E-05 1.11111115E-06 8.88888917E-06 1.44444448E-05 8.88888917E-06 5.55555573E-07 9.99999975E-06 8.33333343E-06 5.50000004E-05 1.35555558E-04
2.64999986 0.00000000 1.77777783E-05 4.44444458E-06 1.44444448E-05 1.77777783E-05 1.49999996E-05 2.22222229E-06 7.77777768E-06 1.11111112E-05 6.16666657E-05 1.73333334E-04
2.70000005 1.11111115E-06 3.44444452E-05 7.77777768E-06 1.38888890E-05 1.77777783E-05 2.16666667E-05 3.33333332E-06 1.33333333E-05 2.72222223E-05 8.49999997E-05 1.76666668E-04
2.75000000 5.55555562E-06 3.11111107E-05 1.22222218E-05 1.94444438E-05 2.22222225E-05 2.16666667E-05 2.77777781E-06 1.72222226E-05 3.66666682E-05 1.07222222E-04 2.17777779E-04
2.79999995 6.66666665E-06 4.11111105E-05 1.99999995E-05 3.50000009E-05 2.88888896E-05 2.88888896E-05 3.88888884E-06 3.11111107E-05 4.16666662E-05 1.27777777E-04 3.07222217E-04
2.85000014 3.33333332E-06 5.44444447E-05 1.66666669E-05 3.88888875E-05 3.38888894E-05 3.16666665E-05 7.22222239E-06 3.55555567E-05 7.38888921E-05 1.73333334E-04 3.64444451E-04
2.89999986 5.55555562E-06 8.11111095E-05 2.11111110E-05 4.66666679E-05 4.11111105E-05 3.94444432E-05 1.22222218E-05 5.44444447E-05 6.44444444E-05 2.01666669E-04 4.51111118E-04
2.95000005 1.88888880E-05 7.11111134E-05 3.66666682E-05 6.88888904E-05 4.83333351E-05 5.22222217E-05 2.05555552E-05 6.27777772E-05 9.88888860E-05 2.82777764E-04 4.98888898E-04
3.00000000 1.66666669E-05 1.15555558E-04 3.44444452E-05 8.49999997E-05 5.05555545E-05 6.50000002E-05 2.61111109E-05 8.33333324E-05 1.16666670E-04 3.17222235E-04 6.34444470E-04
3.04999995 1.44444448E-05 1.65555553E-04 7.88888865E-05 1.03333332E-04 6.11111100E-05 8.11111095E-05 3.44444452E-05 1.05555555E-04 1.78333328E-04 3.80555546E-04 7.32777757E-04
3.09999990 3.33333337E-05 1.93333341E-04 9.11111129E-05 1.37777781E-04 8.38888882E-05 1.21666664E-04 5.44444447E-05 1.40555552E-04 2.33333340E-04 4.68888902E-04 8.65555543E-04
3.15000010 3.66666682E-05 2.51111109E-04 1.26666666E-04 1.73333334E-04 9.72222188E-05 1.47777784E-04 6.72222232E-05 2.09999998E-04 2.95555568E-04 5.80555527E-04 9.79444478E-04
3.20000005 2.99999992E-05 3.03333334E-04 1.50000007E-04 1.90555555E-04 1.46666673E-04 2.09999998E-04 1.10000001E-04 2.50555546E-04 3.70555557E-04 6.89444423E-04 1.14166667E-03
3.25000000 5.66666677E-05 3.90000001E-04 1.85555560E-04 2.66111107E-04 1.74999994E-04 2.47222226E-04 1.55555550E-04 3.19444458E-04 4.76666668E-04 8.28888908E-04 1.36277778E-03
3.29999995 8.66666669E-05 4.64444456E-04 2.75555562E-04 3.37222213E-04 2.59444438E-04 3.30000010E-04 2.23888885E-04 4.33333335E-04 6.22777792E-04 1.08666671E-03 1.59388885E-03
3.34999990 1.11111112E-04 5.36666659E-04 3.42222222E-04 3.99444456E-04 3.49999988E-04 4.75000008E-04 2.96666665E-04 5.16666682E-04 7.77777750E-04 1.25722226E-03 1.90499995E-03
3.40000010 1.51111104E-04 6.71111105E-04 4.53333341E-04 4.86666657E-04 4.21111123E-04 6.20000006E-04 4.68333339E-04 7.28333311E-04 1.01444439E-03 1.60555553E-03 2.34388886E-03
3.45000005 2.03333329E-04 9.11111129E-04 5.66666655E-04 6.43888896E-04 5.64999995E-04 8.46666691E-04 6.70555572E-04 9.34444426E-04 1.31222222E-03 2.03499990E-03 2.82500009E-03
3.50000000 2.13333333E-04 1.02444447E-03 7.37777795E-04 9.06666683E-04 8.29444441E-04 1.10999995E-03 8.95555539E-04 1.24444440E-03 1.66055560E-03 2.55388883E-03 3.55777773E-03
3.54999995 2.89999996E-04 1.21888891E-03 1.07777782E-03 1.19444449E-03 1.08500000E-03 1.48611108E-03 1.37388892E-03 1.71333330E-03 2.31944444E-03 3.26722232E-03 4.32611117E-03
3.59999990 3.56666656E-04 1.43111113E-03 1.44333334E-03 1.51722226E-03 1.55000004E-03 2.03999993E-03 1.92277774E-03 2.34166672E-03 3.04222223E-03 4.09500021E-03 5.42444456E-03
3.65000010 4.15555551E-04 1.60333328E-03 1.94555556E-03 1.99611112E-03 2.16944446E-03 2.70277774E-03 2.81888898E-03 3.31722223E-03 4.10222216E-03 5.25611127E-03 6.93000015E-03
3.70000005 5.76666673E-04 1.92666671E-03 2.63555557E-03 2.59888894E-03 2.92888889E-03 3.62222223E-03 4.02944442E-03 4.78333328E-03 5.57166664E-03 6.95777778E-03 9.10499971E-03
3.75000000 6.37777790E-04 2.35444447E-03 3.53555544E-03 3.52944434E-03 4.24277782E-03 5.08888904E-03 5.76444436E-03 7.13055534E-03 7.93277752E-03 9.56722256E-03 1.24488892E-02
3.79999995 8.39999993E-04 2.82444456E-03 4.78444435E-03 4.81833331E-03 5.86888893E-03 7.54666654E-03 8.34833365E-03 1.09205553E-02 1.14511112E-02 1.38005558E-02 1.78611111E-02
3.84999990 1.00444444E-03 3.28888884E-03 6.24555536E-03 7.02277757E-03 8.34944472E-03 1.14033334E-02 1.30000003E-02 1.75361112E-02 1.79083329E-02 2.20527779E-02 2.79838890E-02
3.90000010 1.15000003E-03 3.92888905E-03 8.64444487E-03 1.03238886E-02 1.25244446E-02 1.77155547E-02 1.96766667E-02 2.81144436E-02 2.88672224E-02 3.66472229E-02 4.53522205E-02
3.95000005 1.51333329E-03 4.72222222E-03 1.09766666E-02 1.57638881E-02 1.92522220E-02 2.79488880E-02 3.06966659E-02 4.34805565E-02 4.64316681E-02 5.91127761E-02 7.26588890E-02
4.00000000 1.61000004E-03 5.35999984E-03 1.17377779E-02 2.17272229E-02 2.52238885E-02 3.51572223E-02 3.96805555E-02 5.11133336E-02 5.98783344E-02 7.07100034E-02 8.64161104E-02
4.05000019 1.99444452E-03 5.35999984E-03 8.21888912E-03 8.64944421E-03 1.03644440E-02 1.00938892E-02 1.18427780E-02 1.16583332E-02 1.44994445E-02 1.27138887E-02 1.32472226E-02
4.10000038 2.39555561E-03 6.61333324E-03 1.03444448E-02 1.11833336E-02 1.37683330E-02 1.31683331E-02 1.55677777E-02 1.55883329E-02 1.83483325E-02 1.64666660E-02 1.66749991E-02
4.15000057 2.81444448E-03 7.85444491E-03 1.29866665E-02 1.47083336E-02 1.79033335E-02 1.66855548E-02 2.00050008E-02 2.00455561E-02 2.33327784E-02 2.08694451E-02 2.06472222E-02
4.20000029 3.38111119E-03 8.66888929E-03 1.48155559E-02 1.72105562E-02 2.11894438E-02 1.95544437E-02 2.37972215E-02 2.35811118E-02 2.69216672E-02 2.43661106E-02 2.38249991E-02
4.25000000 3.87111120E-03 9.98222176E-03 1.69811118E-02 1.95433330E-02 2.40177773E-02 2.22427770E-02 2.70561110E-02 2.69716661E-02 2.92972215E-02 2.73316670E-02 2.65666675E-02
4.30000019 4.51555569E-03 1.11555560E-02 1.92277785E-02 2.18661111E-02 2.71072220E-02 2.52722222E-02 3.04338895E-02 3.03488895E-02 3.21883336E-02 3.06783337E-02 2.93716658E-02
4.35000038 5.22222230E-03 1.27455555E-02 2.12488882E-02 2.47344449E-02 3.01122218E-02 2.83861104E-02 3.39677781E-02 3.39055546E-02 3.53233330E-02 3.44350003E-02 3.19111124E-02
4.40000057 6.03555562E-03 1.43722221E-02 2.37600002E-02 2.74838880E-02 3.32249999E-02 3.17538902E-02 3.68294455E-02 3.72038893E-02 3.83205563E-02 3.72688882E-02 3.51522230E-02
4.45000029 7.15111103E-03 1.57555547E-02 2.58155558E-02 2.99183335E-02 3.63733321E-02 3.51716653E-02 4.03500013E-02 4.03827764E-02 4.10638899E-02 4.04100008E-02 3.78088877E-02
4.50000000 8.06444418E-03 1.75877772E-02 2.83866674E-02 3.24666649E-02 3.90744433E-02 3.81399989E-02 4.30749990E-02 4.28761095E-02 4.34605554E-02 4.36755568E-02 3.97916660E-02
4.55000019 9.20333341E-03 1.92811117E-02 3.07777785E-02 3.45799997E-02 4.18394431E-02 4.11472209E-02 4.55288887E-02 4.48077768E-02 4.53627780E-02 4.58800010E-02 4.15700004E-02
4.60000038 1.03244446E-02 2.12777779E-02 3.27488892E-02 3.59622240E-02 4.35927771E-02 4.30177785E-02 4.66005541E-02 4.61205542E-02 4.66288887E-02 4.70499992E-02 4.25850004E-02
4.65000057 1.12266671E-02 2.28000004E-02 3.43944430E-02 3.76294442E-02 4.43672240E-02 4.41950001E-02 4.69694436E-02 4.63611111E-02 4.69272211E-02 4.75538895E-02 4.25005555E-02
4.70000029 1.28033329E-02 2.38233339E-02 3.53499986E-02 3.81238870E-02 4.41866666E-02 4.53400016E-02 4.65527773E-02 4.46294434E-02 4.50511128E-02 4.59627770E-02 4.16155569E-02
4.75000000 1.39155556E-02 2.39611119E-02 3.68711129E-02 3.70855555E-02 4.28416654E-02 4.44155559E-02 4.37255539E-02 4.10583317E-02 4.22333330E-02 4.34850007E-02 3.86644453E-02
4.80000019 1.46700004E-02 2.46544443E-02 3.63311097E-02 3.49827781E-02 4.05938886E-02 4.12583351E-02 3.99472229E-02 3.65177765E-02 3.77738886E-02 3.78011093E-02 3.43983322E-02
4.85000038 1.59444436E-02 2.41100006E-02 3.45855542E-02 3.18261124E-02 3.63005549E-02 3.73005569E-02 3.41472216E-02 3.01466659E-02 3.16849984E-02 3.09244450E-02 2.88561117E-02
4.90000057 1.60577781E-02 2.27622222E-02 3.16866674E-02 2.75383331E-02 3.05505563E-02 3.09044439E-02 2.73416676E-02 2.30838880E-02 2.44377777E-02 2.29766667E-02 2.23694444E-02
4.95000029 1.62877776E-02 2.19377782E-02 2.64922231E-02 2.24783327E-02 2.35011112E-02 2.29466669E-02 2.00849995E-02 1.60394441E-02 1.69477779E-02 1.50600001E-02 1.48372222E-02
5.00000000 1.62300002E-02 2.06077769E-02 2.19222214E-02 1.89905558E-02 1.71044450E-02 1.56655554E-02 1.33861108E-02 1.08138891E-02 1.03283329E-02 8.67611077E-03 8.46500043E-03
5.05000019 1.70066673E-02 2.09700000E-02 2.10655555E-02 1.82011109E-02 1.46077778E-02 1.36072226E-02 1.08594447E-02 9.44999978E-03 8.13777745E-03 6.75388891E-03 5.53000020E-03
5.10000038 1.90444440E-02 2.31822226E-02 2.26088893E-02 1.92066673E-02 1.52905555E-02 1.44555559E-02 1.15138888E-02 1.00594442E-02 8.43444467E-03 7.02666678E-03 5.73833333E-03
5.15000010 2.09633335E-02 2.49122214E-02 2.32644454E-02 2.02977769E-02 1.63761117E-02 1.53105557E-02 1.20811108E-02 1.06233330E-02 8.61444417E-03 6.87555550E-03 6.09166687E-03
5.20000029 2.23800000E-02 2.58444436E-02 2.34911107E-02 2.09855549E-02 1.66166667E-02 1.57172214E-02 1.23066669E-02 1.08127780E-02 8.85055587E-03 6.81000017E-03 6.01166673E-03
5.25000048 2.40466669E-02 2.71000005E-02 2.35399995E-02 2.17972230E-02 1.68827772E-02 1.61961112E-02 1.25227775E-02 1.11122224E-02 9.13777761E-03 6.86777756E-03 6.17333315E-03
5.30000019 2.57744435E-02 2.81911120E-02 2.35866662E-02 2.18983330E-02 1.71611104E-02 1.62227787E-02 1.25638889E-02 1.12616671E-02 9.45333298E-03 6.81499997E-03 6.19277777E-03
5.35000038 2.72400007E-02 2.91933324E-02 2.41644438E-02 2.24577785E-02 1.72444452E-02 1.65199991E-02 1.27477776E-02 1.14350002E-02 9.39722266E-03 6.81000017E-03 6.21555559E-03
5.40000010 2.85366662E-02 3.01033333E-02 2.42233332E-02 2.28316672E-02 1.73272230E-02 1.62411109E-02 1.29249999E-02 1.15255555E-02 9.34222247E-03 6.81000017E-03 6.17444422E-03
5.45000029 3.00388895E-02 3.11066676E-02 2.42122225E-02 2.29461119E-02 1.74244437E-02 1.62094440E-02 1.32816667E-02 1.18188886E-02 9.30999964E-03 6.73666690E-03 6.25888910E-03
5.50000048 3.14644426E-02 3.18400003E-02 2.43433341E-02 2.27377769E-02 1.73394438E-02 1.62122231E-02 1.32661108E-02 1.17961112E-02 9.42388922E-03 6.61000004E-03 6.15333347E-03
5.55000019 3.32644433E-02 3.21777761E-02 2.43233331E-02 2.28838883E-02 1.72488894E-02 1.58549994E-02 1.30366664E-02 1.17116664E-02 9.24444478E-03 6.72055548E-03 6.15999987E-03
5.60000038 3.38855572E-02 3.27433348E-02 2.34655552E-02 2.23761108E-02 1.66783333E-02 1.56722218E-02 1.27372220E-02 1.17522227E-02 8.92111100E-03 6.73555536E-03 5.84333343E-03
5.65000010 3.50355543E-02 3.23122218E-02 2.23244447E-02 2.20911112E-02 1.61072221E-02 1.50522226E-02 1.28177777E-02 1.15777776E-02 8.66388902E-03 6.52611116E-03 5.49666677E-03
5.70000029 3.56577784E-02 3.15588899E-02 2.09666658E-02 2.11149994E-02 1.56877786E-02 1.46027775E-02 1.23138893E-02 1.14433337E-02 8.32388923E-03 6.42111106E-03 5.14944457E-03
5.75000048 3.60544436E-02 3.09766661E-02 1.96766667E-02 2.02272218E-02 1.48666669E-02 1.40027776E-02 1.17238890E-02 1.07272221E-02 7.67111126E-03 6.26722211E-03 4.78333328E-03
5.80000019 3.46144438E-02 2.90677771E-02 1.84522215E-02 1.82327777E-02 1.41283330E-02 1.28194448E-02 1.07277781E-02 9.94999986E-03 6.85388874E-03 6.04055542E-03 4.09444422E-03
5.85000038 3.26155573E-02 2.56399997E-02 1.60266664E-02 1.59333330E-02 1.27566671E-02 1.12505555E-02 9.65055544E-03 8.99944454E-03 5.66666666E-03 5.53999981E-03 3.20222229E-03
5.90000010 2.90600006E-02 2.11244449E-02 1.25622218E-02 1.32222222E-02 1.05455555E-02 8.93166661E-03 7.71388877E-03 7.44666671E-03 4.50666668E-03 4.43888875E-03 2.27277773E-03
5.95000029 2.37677786E-02 1.52799999E-02 8.78666621E-03 9.54722241E-03 6.87611103E-03 5.60222240E-03 4.97944467E-03 4.58333315E-03 2.98444438E-03 3.07166670E-03 1.28555554E-03
6.00000048 1.64100006E-02 8.54333304E-03 4.30333335E-03 4.05388884E-03 2.33722222E-03 1.80722226E-03 1.54500001E-03 1.64277782E-03 8.63888883E-04 1.10444450E-03 3.92777787E-04
6.05000019 1.35944448E-02 6.10666675E-03 2.21000006E-03 1.12833339E-03 1.53888890E-04 1.74444445E-04 1.40555552E-04 2.35555563E-04 1.01666665E-04 1.43888887E-04 7.16666691E-05
6.10000038 1.44955553E-02 6.35444466E-03 2.22444441E-03 1.10388885E-03 1.65555553E-04 1.73333334E-04 1.30555549E-04 2.33888888E-04 8.94444456E-05 1.23888894E-04 7.16666691E-05
6.15000010 1.54655557E-02 6.60444424E-03 2.26111105E-03 1.14444445E-03 1.70555562E-04 1.61666670E-04 1.22222220E-04 2.36666659E-04 1.06111111E-04 1.37777781E-04 6.27777772E-05
6.20000029 1.57566667E-02 6.77888887E-03 2.34222226E-03 1.14611106E-03 1.50000007E-04 1.65000005E-04 1.05555555E-04 2.13333333E-04 7.94444422E-05 1.30000000E-04 5.83333349E-05
6.25000048 1.63000003E-02 6.64444454E-03 2.33222218E-03 1.17388892E-03 1.30000000E-04 1.80000003E-04 9.83333302E-05 1.91666666E-04 9.50000031E-05 8.49999997E-05 6.33333329E-05
6.30000019 1.64766666E-02 6.69777766E-03 2.30555562E-03 1.13111106E-03 1.52222216E-04 1.63333330E-04 7.88888865E-05 1.77222217E-04 7.83333307E-05 6.44444444E-05 6.66666674E-05
6.35000038 1.66944452E-02 6.60222210E-03 2.39888881E-03 1.17111113E-03 1.56666661E-04 1.52222216E-04 8.38888882E-05 1.76666668E-04 9.94444417E-05 6.50000002E-05 4.66666679E-05
6.40000010 1.66855548E-02 6.57888874E-03 2.39333324E-03 1.04666664E-03 1.46111110E-04 1.25555554E-04 8.44444439E-05 1.63333330E-04 8.33333324E-05 5.44444447E-05 3.61111124E-05
6.45000029 1.64999999E-02 6.32777764E-03 2.25444441E-03 9.72777780E-04 1.37777781E-04 1.25555554E-04 6.88888904E-05 1.58888884E-04 7.27777806E-05 4.83333351E-05 4.11111105E-05
6.50000048 1.59577783E-02 6.06777798E-03 2.38555553E-03 9.31666640E-04 1.34444446E-04 9.38888916E-05 5.61111119E-05 1.27222229E-04 6.94444461E-05 4.22222220E-05 2.88888896E-05
6.55000019 1.54900001E-02 5.95666654E-03 2.21555564E-03 9.33888892E-04 9.77777745E-05 7.61111078E-05 4.83333351E-05 1.19444441E-04 5.83333349E-05 2.99999992E-05 3.27777780E-05
6.60000038 1.44933332E-02 5.70777757E-03 2.08666665E-03 8.68333329E-04 8.66666669E-05 5.50000004E-05 2.66666666E-05 9.50000031E-05 4.66666679E-05 1.44444448E-05 4.99999987E-05
6.65000010 1.35422219E-02 5.16000018E-03 2.02111108E-03 7.50555540E-04 6.72222232E-05 4.22222220E-05 2.27777782E-05 8.16666652E-05 5.22222217E-05 9.44444400E-06 3.11111107E-05
6.70000029 1.18411109E-02 4.78222221E-03 1.70333334E-03 6.32777752E-04 6.94444461E-05 3.61111124E-05 1.99999995E-05 7.83333307E-05 3.38888894E-05 7.22222239E-06 2.33333340E-05
6.75000048 1.01611111E-02 3.98111111E-03 1.45666662E-03 5.18333341E-04 6.50000002E-05 3.83333318E-05 1.44444448E-05 6.50000002E-05 1.77777783E-05 3.88888884E-06 2.05555552E-05
6.80000019 7.93666672E-03 2.98000011E-03 1.19444449E-03 3.83333332E-04 4.11111105E-05 2.44444436E-05 3.33333332E-06 4.27777777E-05 1.44444448E-05 3.33333332E-06 9.44444400E-06
6.85000038 6.18222216E-03 2.35888897E-03 8.73333309E-04 2.52777769E-04 4.05555547E-05 2.27777782E-05 2.22222229E-06 3.66666682E-05 1.16666670E-05 1.66666666E-06 1.11111112E-05
6.90000010 3.95444455E-03 1.53000001E-03 4.84444434E-04 1.33333335E-04 9.44444400E-06 5.55555562E-06 1.11111115E-06 1.77777783E-05 3.33333332E-06 0.00000000 2.77777781E-06
6.95000029 1.94111106E-03 8.56666651E-04 2.26666671E-04 5.72222234E-05 4.44444458E-06 2.22222229E-06 0.00000000 0.00000000 1.66666666E-06 0.00000000 2.77777781E-06
7.00000048 9.29999980E-04 2.52222235E-04 3.88888875E-05 1.16666670E-05 1.11111115E-06 0.00000000 0.00000000 0.00000000 1.11111115E-06 0.00000000 0.00000000
7.05000019 0.00000000 0.00000000 0.00000000 0.00000000 0.00000000 0.00000000 0.00000000 0.00000000 0.00000000 0.00000000 0.00000000
