Sn 1 O 2.90701830378 0.00871849297102 2.16747549313 0.000986355538536 0.00400217335948 1.89406801e-05
Sn 2 O 2.89437332958 0.0100774055784 2.11238258561 0.000750347219053 0.0043630705761 1.9173061809e-05
Sn 3 O 2.90994526941 0.00898835394947 2.12807553896 0.000913015965512 0.00364163990634 1.50713087593e-05
Sn 4 O 2.89407667259 0.0116977290569 2.14497874471 0.00100495977533 0.00464036575007 3.23182903243e-05
Sn 5 O 2.91320296194 0.00809942657706 2.07843279616 0.000845391081476 0.00333482664909 1.1999204073e-05
Sn 6 O 2.90613983794 0.00896923891575 2.14087933362 0.000947918876659 0.00388312295692 1.61171506646e-05
Sn 7 O 2.87536402761 0.0159098330158 2.13309970954 0.0010670352237 0.00545713216268 4.65489402367e-05
Sn 8 O 2.61202499068 0.0589176510205 2.12125100772 0.00144674239243 0.0185327198348 0.000214234775575
Sn 9 O 2.85887507788 0.0163702597254 2.13571074632 0.00101134115567 0.00594610851808 3.26080714808e-05
Sn 10 O 2.90106242788 0.0103054527656 2.13192780158 0.00100721840476 0.0040407505191 1.8134099079e-05
Sn 11 O 2.70596199408 0.0546732180191 2.13079247983 0.00162390844864 0.0150644883479 0.000233013001715
Sn 12 O 2.7168332856 0.0519466361921 2.14573055161 0.00134799228226 0.0122496589939 0.000123461615762
Sn 13 O 2.8561847339 0.0192201127899 2.09462435807 0.000871814807662 0.00636335088837 5.42796741033e-05
Sn 14 O 2.93850325179 0.00382098587185 2.06597908658 0.000636692724041 0.00234094368434 5.46894431508e-06
Sn 15 O 3.48402259064 0.16544572328 2.21375050632 0.00196745970927 0.0170339674725 0.000276565957383
Sn 16 O 2.90012047851 0.0125268913468 2.12924632287 0.00091490390535 0.00415740333424 2.33265243106e-05
Sn 17 O 2.80393247013 0.0319941188725 2.1038418042 0.00119617188751 0.00940435770436 0.000117271535251
Sn 18 O 2.80290905493 0.0418026620319 2.10464654296 0.00108635754241 0.0081330584476 9.0190089863e-05
Sn 19 O 2.85229655276 0.0389289192095 2.19720449067 0.00190816151569 0.00885224662386 0.000155136210948
Sn 20 O 2.90310433872 0.00979830936164 2.08622144767 0.000834627153915 0.00383881933206 1.76161624997e-05
Sn 21 O 1.95458232202 0.00459298378359 2.11532009453 0.00157535494718 0.00286061192386 2.05344448016e-05
Sn 22 O 2.84773801864 0.0237265557666 2.14527338279 0.00130965778078 0.00681312089522 6.07115645901e-05
Sn 23 O 2.9272872355 0.00607379943636 2.1744672579 0.0011668291229 0.00312165307437 1.24988524086e-05
Sn 24 O 3.31095094309 0.160995941277 2.21807012915 0.00262974479743 0.0220923344421 0.000256901894582
Sn 25 O 2.64336695188 0.0684120204588 2.12812120332 0.0015653369948 0.0171544808265 0.00022749106857
Sn 26 O 2.90582994307 0.0100573875417 2.1153876085 0.000999050816543 0.00394048020402 2.05690794909e-05
Sn 27 O 3.402581833 0.117635619252 2.2040716548 0.0026298824788 0.021500216278 0.000282322325047
Sn 28 O 2.87892680332 0.0171194607828 2.16278693666 0.00123957339385 0.00535423077657 4.71633312165e-05
Sn 29 O 2.87006212606 0.0142760843098 2.11001176029 0.000968573955613 0.00549432964508 2.98306705803e-05
Sn 30 O 2.73141090434 0.0475739952287 2.13764543931 0.00138803361365 0.0139107700933 0.00018933591252
Sn 31 O 2.92707311369 0.00779834283329 2.08408401333 0.000731372310537 0.00289555848243 1.29473684149e-05
Sn 32 O 2.77164728751 0.0390157224103 2.15269837917 0.00104143132708 0.0111742974336 0.000144302010909
Sn 33 O 2.81018854646 0.0289414473167 2.11930209124 0.00131251822723 0.0092266954867 0.00011141099938
Sn 34 O 1.96328839353 0.00302238996987 2.0896860744 0.00113130299921 0.00221752867266 1.16020648247e-05
Sn 35 O 2.75837250248 0.0374909847098 2.1252641969 0.000994141845363 0.0102506853836 0.000104667951962
Sn 36 O 2.92067118069 0.00801151588079 2.10168912341 0.000931824801817 0.00311268493166 1.26322190403e-05
Sn 37 O 2.74636288194 0.0352452503367 2.11865513256 0.00128749764996 0.0123426920236 0.000123614712174
Sn 38 O 2.92829348947 0.00796157058848 2.13415696229 0.000829123250751 0.0050647365645 0.000101024192405
Sn 39 O 1.99248147755 0.0183015184595 2.14912940949 0.00338009162819 0.00513513910489 0.000148181580426
Sn 40 O 2.91286673364 0.00785873978662 2.06483403139 0.000770345900702 0.00348848889661 1.44066435956e-05
Sn 41 O 2.7643994078 0.059535155221 2.16001813179 0.00137041427572 0.0120876470577 0.000250977777269
Sn 42 O 2.88299537854 0.0139344618881 2.14174910489 0.00086818847189 0.00505311384465 3.18429766631e-05
Sn 43 O 1.92699026991 0.00856554918338 2.07658725866 0.00137991519642 0.00454545799804 4.34626147382e-05
Sn 44 O 2.76403743586 0.0463433987926 2.09496383994 0.00109952962284 0.0104433305527 0.000150938873327
Sn 45 O 2.82041686974 0.0241313902834 2.13077154042 0.00104078927787 0.00786096414378 5.59510837927e-05
Sn 46 O 2.91119318246 0.00710747431442 2.09538775229 0.000698062456265 0.00349852984606 1.12962019206e-05
Sn 47 O 2.90510599848 0.00858729679898 2.15117321409 0.00101896145061 0.00394028382912 1.58290301121e-05
Sn 48 O 2.01055625624 0.0520655094597 2.12073425643 0.00321346190299 0.0120042765134 0.000384584441315
Sr 49 O 4.69528531462 0.590834931716 2.55478111104 0.00389611011637 0.0382118123773 0.000411848512252
Sr 50 O 3.62188379908 0.1068260347 2.46078828917 0.00258492297879 0.0274241437792 0.000496623572131
Sr 51 O 2.70802215959 0.0606767907965 2.41125359359 0.00188794753564 0.017487412303 0.000286896992958
Sr 52 O 4.84868408337 0.368442017234 2.56319911099 0.00218025602588 0.0342349367696 0.000417295635041
Sr 53 O 4.4464151005 0.28103164745 2.51578569962 0.00211827323126 0.029203772554 0.000370365075617
Sr 54 O 4.76475488574 0.243713908268 2.55339188715 0.0026418495367 0.0289819984143 0.000410996948137
Sr 55 O 4.47853274037 0.124771207008 2.51181471807 0.00171424182539 0.0184427453564 0.000215350241466
Sr 56 O 5.02042229434 0.530313873442 2.61196233486 0.00435882636848 0.028466629296 0.000351742569938
Sr 57 O 4.5244197176 0.0844358575081 2.48396525712 0.00112011106143 0.0167017096571 0.000129331420733
Sr 58 O 4.97657259705 0.187372924603 2.48752240869 0.00175562446234 0.02667586513 0.000269573489137
Sr 59 O 4.22656589441 0.173596165588 2.51104111401 0.00244813553247 0.0248594982913 0.000279965347669
Sr 60 O 3.64052747627 0.391615168967 2.50752257883 0.00435208699642 0.0324925856103 0.000535124870298
Sr 61 O 3.58122691452 0.105584772309 2.44585130569 0.00218197541211 0.0196070025248 0.000301936780442
Sr 62 O 3.42246811871 0.174939077386 2.45643178618 0.00260953529704 0.01642185333 0.000259907171106
Sr 63 O 4.42221949758 0.197845218993 2.45946110424 0.00195187212333 0.0314453996633 0.000325168304582
Sr 64 O 3.66657395117 0.0681048198093 2.4549509816 0.00202926711179 0.01449510237 0.000166452786469
Sr 65 O 4.57712837597 0.089726818569 2.5471983785 0.00181051535677 0.0153145361127 0.000156797984808
Sr 66 O 5.84617228988 0.339705674802 2.58136603828 0.00213489668057 0.0275370251083 0.000231235484028
Sr 67 O 3.84064968362 0.0666840543046 2.45264456892 0.00137768046094 0.0110879629484 0.000126795411597
Sr 68 O 5.19402157272 0.245854021933 2.57811221293 0.00211105263028 0.022311268157 0.000198133272175
Sr 69 O 3.72404780571 0.214523282858 2.47084658074 0.00249290697486 0.0276831859696 0.000402203487775
