Sn 1 O 2.89138783703 0.0117259773402 2.16007731835 0.00143308909168 0.00473253012823 2.70381901449e-05
Sn 2 O 2.89379004593 0.013233838288 2.15423985917 0.00130562933204 0.00467570905244 3.47273982141e-05
Sn 3 O 2.90813874642 0.0118604238849 2.13156200378 0.000974432398364 0.00396121216565 3.17487863349e-05
Sn 4 O 2.71863706521 0.0452079629871 2.13647097438 0.00107671412905 0.0126939433567 0.000129194070292
Sn 5 O 1.91359800877 0.00938886797626 2.07732541538 0.00137849107579 0.00538755954699 4.44114178412e-05
Sn 6 O 2.90877572282 0.0109396845966 2.15802950303 0.00112770112476 0.00392104801408 2.54936801807e-05
Sn 7 O 3.04105845561 0.0978691489879 2.17033532268 0.00199583899714 0.0240703579194 0.000362933309939
Sn 8 O 2.85522902553 0.0296583819939 2.14733486916 0.00123893198603 0.00834410143041 0.000101711403908
Sn 9 O 2.9311779954 0.0247943424262 2.12815869428 0.00156587255028 0.00622655762504 8.1813289229e-05
Sn 10 O 2.89422720904 0.0109771249526 2.15140863881 0.00171332184661 0.00448005195814 2.19577310785e-05
Sn 11 O 2.9170481402 0.00842641306672 2.10933184916 0.000857440369644 0.00340051661997 1.6356666365e-05
Sn 12 O 2.85366665436 0.0178469272817 2.14439388409 0.00132593590522 0.00594285996379 3.16309759438e-05
Sn 13 O 2.80751037779 0.0578531264799 2.16361178335 0.00234558936854 0.0152775654704 0.000253970359843
Sn 14 O 2.92526881633 0.00748946399316 2.09386291412 0.00108303437227 0.00294870555313 1.27795391526e-05
Sn 15 O 2.89522584778 0.010750989463 2.14694753216 0.0011645212994 0.00448617987013 2.51953784513e-05
Sn 16 O 2.88469676823 0.0131733202648 2.12767467339 0.00105441569113 0.0048769474217 3.24413110898e-05
Sn 17 O 3.20813451022 0.129161952757 2.16484954449 0.00161253053068 0.0226193685392 0.000312533538503
Sn 18 O 2.920297274 0.00670379056936 2.1270216937 0.00118468623698 0.00327503043315 1.18529193261e-05
Sn 19 O 2.87683377555 0.0174089287042 2.11506302182 0.000978321398593 0.00500596115533 3.28457750347e-05
Sn 20 O 2.87227228674 0.0124431302694 2.09437868136 0.000733583800117 0.00531357810229 2.59847025259e-05
Sn 21 O 3.10697114609 0.102606975314 2.20980977107 0.00233298800086 0.018941972041 0.000352513910345
Sn 22 O 2.75808115999 0.0582628045944 2.1313881573 0.00133241848736 0.0132334140764 0.000188691065373
Sn 23 O 2.84665891035 0.0214431879965 2.14692669164 0.00119385260439 0.00658463074614 4.56309269066e-05
Sn 24 O 2.80774985275 0.0424801486908 2.164020125 0.00201210059527 0.00892614901624 0.000125314409657
Sn 25 O 2.92215537537 0.00584878361975 2.11510902757 0.00102293518746 0.00310993416001 9.52126684959e-06
Sn 26 O 2.8374442756 0.0336182893448 2.13201395535 0.00146313565965 0.00916401376095 0.000147041926949
Sn 27 O 1.97785097305 0.0357853329487 2.13603548266 0.0021803661209 0.00581231455498 0.000104110803135
Sn 28 O 2.86535111234 0.0166683777099 2.14904564137 0.00122340501615 0.00586355089439 3.98195599994e-05
Sn 29 O 1.97216938706 0.00151247188684 2.05563024296 0.000858193782032 0.00162204054072 5.33518995434e-06
Sn 30 O 2.96716331143 0.0383111684041 2.16733559298 0.00151193221585 0.0102171436626 0.000227758162138
Sn 31 O 2.87525567855 0.0135838536026 2.1226217007 0.00119712471989 0.00501547596382 2.40736488665e-05
Sn 32 O 2.93570008221 0.00517172217227 2.07895190224 0.000910236103459 0.00254621289397 8.71382563837e-06
Sn 33 O 2.78333478646 0.0324344060399 2.14264923324 0.00122078704958 0.00954312179425 8.18017076753e-05
Sn 34 O 2.85879889788 0.0243652238344 2.1070216055 0.0013316346421 0.00625574001275 7.04097228147e-05
Sn 35 O 2.91619117706 0.00982179848417 2.15631858758 0.00128082166883 0.00357373009455 2.02747317556e-05
Sn 36 O 2.88254596492 0.013391786052 2.13895235142 0.00129502963786 0.004875753009 2.5574975198e-05
Sn 37 O 1.96363000282 0.00287031320667 2.07808771019 0.0012505396215 0.00217495554335 1.1164521037e-05
Sn 38 O 2.75706197673 0.0409125663536 2.13746923432 0.00175789867025 0.0105044322501 0.000105383852807
Sn 39 O 2.79084483873 0.0342823703912 2.13460169146 0.00125991573327 0.00935879988363 9.18541934441e-05
Sn 40 O 2.49619622864 0.157915131159 2.13751502177 0.00222533359526 0.0134083935261 0.000332144605041
Sn 41 O 2.79447691297 0.0288989545242 2.11519590104 0.00108057521907 0.00872162990571 6.76801857222e-05
Sn 42 O 2.88993190906 0.0125304450244 2.1308836669 0.00110279238746 0.00473808953342 3.00177787556e-05
Sn 43 O 2.92525317163 0.00927199945294 2.12880383727 0.00094207862433 0.00327516795848 2.6102858096e-05
Sn 44 O 2.88832224438 0.0210425845683 2.16798146237 0.00161251792275 0.0052243575454 7.48323819352e-05
Sn 45 O 2.87385638261 0.019661148409 2.11770138978 0.00118746354192 0.0054934393754 4.72302450356e-05
Sn 46 O 3.11592030936 0.129051053629 2.22695495979 0.00224166122428 0.0201878042261 0.000363834611796
Sn 47 O 1.90328475636 0.0135273578498 2.0688614039 0.00160496021432 0.00613718000022 6.89475058512e-05
Sn 48 O 1.89221934934 0.0124527213619 2.07404083141 0.00138853269378 0.00680686242384 5.95200950917e-05
Sn 49 O 2.92713484997 0.00597298057371 2.0887284391 0.000835800288953 0.00291823101632 1.09727759721e-05
Sn 50 O 3.16767063874 0.159760971156 2.13146321001 0.00259006537215 0.019921893768 0.000338330767812
Sn 51 O 2.85055733438 0.0289698645479 2.17902973022 0.00157726825855 0.00717671373526 8.75709976939e-05
Sn 52 O 1.95951008521 0.0034360079106 2.0823050165 0.00145847272152 0.00246244645257 1.47258614494e-05
Sn 53 O 2.89224557081 0.0118022256056 2.13784489635 0.00122766996232 0.00457703123703 2.41849485414e-05
Sn 54 O 1.93300607818 0.00788786530194 2.0929050615 0.00181857408759 0.00419056503636 3.6166084407e-05
Sn 55 O 2.89827529547 0.0101730440537 2.13186872682 0.0012341894237 0.00425031685291 2.05604728046e-05
Sn 56 O 2.88624990721 0.0115581536027 2.15920430716 0.00109793910592 0.00495080940881 2.54711194051e-05
Sn 57 O 2.82148720078 0.0320302178123 2.13919652824 0.00172108555349 0.00738566205581 6.11324838321e-05
Sn 58 O 2.90159505628 0.00942313652027 2.12701636295 0.00101461042195 0.00407139181564 1.70973663013e-05
Sn 59 O 1.85376510253 0.016181186633 2.05113988862 0.00127964244233 0.00924729056597 8.1807980103e-05
Sn 60 O 1.88158107809 0.0148802428067 2.05651577118 0.00150163644095 0.00749056269742 7.64033539354e-05
Sn 61 O 3.73347502363 0.0531927416047 2.24697190736 0.00115877860273 0.00945471134297 8.05626492006e-05
Sn 62 O 2.843273989 0.022134076664 2.15857637425 0.00157019248772 0.00665776426436 4.55747875165e-05
Sr 63 O 4.33205746812 0.396068806191 2.51778697777 0.00256039020273 0.0367207922127 0.000399236872158
Sr 64 O 4.34074901713 0.355318441809 2.54673176321 0.00334961005692 0.0350285583817 0.00041293065252
Sr 65 O 5.16047020084 0.212269016136 2.54691182248 0.00215613690701 0.0254752653907 0.000270822069677
Sr 66 O 3.24787794129 0.142670859634 2.47027801895 0.00277207682641 0.0249656088306 0.000617480602743
Sr 67 O 6.32236181404 0.46891078076 2.62256475821 0.00218372302043 0.0323804883598 0.000231282082811
Sr 68 O 3.65659809348 0.0712489275568 2.4667162112 0.00181099639706 0.0157705407951 0.000219869721543
Sr 69 O 4.14073548734 0.217161855497 2.49783507478 0.00239744071532 0.0263780134684 0.000370072604997
