Sn 1 O 2.75937367703 0.0418433530381 2.10068319659 0.00133135726432 0.0107552277995 0.000116364905528
Sn 2 O 2.66780824134 0.0664912117732 2.1213920368 0.00163621561155 0.016435470814 0.000262759820116
Sn 3 O 2.823741226 0.0292153159971 2.12566100523 0.00102302915879 0.00763331497154 8.63739269866e-05
Sn 4 O 2.87556359119 0.0207636502894 2.13995111874 0.00136192572703 0.0064359330131 7.37085163892e-05
Sn 5 O 2.84311086154 0.0276793753778 2.12061574298 0.00157318072015 0.00683013941234 8.46288085711e-05
Sn 6 O 1.0 0.0 2.05837126028 0.00314886537 0.0 0.0
Sn 7 O 2.82308292891 0.0273653621417 2.13045437417 0.00156575931443 0.00739668873327 5.80284323396e-05
Sn 8 O 2.81661485407 0.0271523411123 2.12181009783 0.00142196736676 0.00819857897495 7.82225016959e-05
Sn 9 O 4.6818748981 0.0737175570289 2.05090725865 0.000583712146423 0.0059480737898 3.36128413785e-05
Sn 10 O 2.9070343786 0.00872132584716 2.11918393056 0.000914026686962 0.00386736627484 1.89223677192e-05
Sn 11 O 2.85271425887 0.0216864611798 2.15739696098 0.00114632403079 0.00695162801734 6.86957845459e-05
Sn 12 O 2.89508971477 0.0115719998795 2.10580038993 0.00109295938467 0.00434237011396 2.63697928806e-05
Sn 13 O 2.89197436908 0.0137438235655 2.08922152878 0.000800184975727 0.00458286426724 3.69742581111e-05
Sn 14 O 2.85116807738 0.0207817935534 2.16696439392 0.00165062311908 0.00703034295806 7.3557379146e-05
Sn 15 O 3.03362661609 0.0436057114657 2.17404256205 0.0019389399794 0.0180466306589 0.000491548293436
Sn 16 O 2.82814650811 0.0488591816194 2.12908287733 0.00116359534618 0.00722497635816 0.00011872757644
Sn 17 O 2.90004944733 0.00982318513805 2.04561084761 0.0007450040017 0.00369222130916 1.34072439269e-05
Sn 18 O 2.86688144456 0.0294692392307 2.13530838926 0.00139423244084 0.0109524912364 0.000234552184798
Sn 19 O 2.84451047444 0.0183477698646 2.14029862695 0.00108733686015 0.00660746954277 3.75141142634e-05
Sn 20 O 2.79426947891 0.0362998394655 2.14250070893 0.00113492113376 0.0104549615287 0.000167510870155
Sn 21 O 1.93686897819 0.00865993339299 2.13242937904 0.00215910428255 0.00420613612666 4.98801094283e-05
Sn 22 O 2.88320078745 0.0158405781925 2.13062163866 0.00102229776377 0.00508895834894 3.81648599304e-05
Sn 23 O 2.80054623304 0.0284266808031 2.12910747098 0.00141615198482 0.00926114222571 9.25604644747e-05
Sn 24 O 2.87129188802 0.0138723044375 2.13355739115 0.00103820945107 0.00542469702683 2.83024306263e-05
Sn 25 O 2.80486270293 0.09509430542 2.1381132388 0.00196646651364 0.0203397960958 0.000335782155452
Sn 26 O 2.8628569787 0.0160211577325 2.12104449441 0.00091105266037 0.00599370474124 3.83309612021e-05
Sn 27 O 2.52802761147 0.165854815315 2.13088106524 0.0025966854997 0.0126045604975 0.000291037456844
Sn 28 O 2.72442294766 0.0343342260534 2.07834452243 0.000981902642803 0.0126470659163 0.000123043874071
Sn 29 O 1.97276534386 0.00189228912092 2.11396183214 0.00136545326805 0.00167996860178 7.49888484191e-06
Sn 30 O 2.93685375139 0.00601460205069 2.09158335241 0.000915431008589 0.00247430504719 9.38987417991e-06
Sn 31 O 2.90702882702 0.0080152963247 2.14400514268 0.00118769616456 0.00395367078952 1.5546253818e-05
Sn 32 O 2.86869513838 0.0171209788841 2.11055756831 0.000993191633047 0.00595502812411 4.96315678689e-05
Sn 33 O 2.7367343391 0.0555741456666 2.17135242504 0.00140728482982 0.013310771874 0.000197712017869
Sn 34 O 1.94664494259 0.00466931765436 2.09216677355 0.00132896895907 0.0032751713923 2.0042197533e-05
Sn 35 O 1.94875147336 0.00451933683239 2.11238757126 0.00237117730491 0.00318042314675 1.96277701766e-05
Sn 36 O 2.91905734501 0.00818274487764 2.1119373128 0.000839130507777 0.00332475630524 1.57410870085e-05
Sn 37 O 2.53024559423 0.0767042504259 2.0770715809 0.0013561258962 0.0231588982758 0.000377430562278
Sn 38 O 2.89721772085 0.0125944704453 2.15824520415 0.00122718077788 0.0045367128606 2.95271987655e-05
Sn 39 O 2.89654934189 0.010004117892 2.1389337977 0.000875544489242 0.00482007524528 3.84146752747e-05
Sn 40 O 1.0 0.0 2.07456941423 0.00285161856909 0.0 0.0
Sn 41 O 2.7587156737 0.0424524273123 2.12063125436 0.00134666490753 0.0100011096051 9.07103272571e-05
Sn 42 O 3.05427021071 0.107346980097 2.17620424145 0.00225154920015 0.0235347449605 0.000394682869018
Sn 43 O 2.88016274359 0.0165076259252 2.12331483092 0.0012106553506 0.0049958382144 3.41442985943e-05
Sn 44 O 1.96153795388 0.00321753008067 2.1178102482 0.00180138442314 0.00240295109431 1.35242443107e-05
Sn 45 O 2.89072632937 0.010864608323 2.05637888161 0.000915119738172 0.00428972675163 1.94002561577e-05
Sn 46 O 2.93262553686 0.00438828833088 2.13019275024 0.000952339330353 0.00273120659704 7.18070314813e-06
Sn 47 O 2.85419823068 0.0217211720961 2.12048886788 0.00152280782899 0.00645634062054 5.42949396821e-05
Sn 48 O 2.91620221278 0.00859373933525 2.11289728693 0.000943807611915 0.00341468929696 1.5311697185e-05
Sr 49 O 5.22647275733 0.150026352545 2.50194996595 0.00143776490682 0.0227984949901 0.000156386337082
Sr 50 O 3.91875628702 0.154871714707 2.46635320593 0.00189225045035 0.0282077373995 0.000361336907566
Sr 51 O 5.8265692937 0.288558532316 2.63556219058 0.00217608192158 0.0286082697819 0.000248852078903
Sr 52 O 4.10017693297 0.206153566713 2.51221665132 0.00239482624677 0.028184973742 0.000347052090693
Sr 53 O 2.91383519658 0.125856758421 2.42765342974 0.00275129592263 0.0244502712319 0.00055076609739
Sr 54 O 3.96735150161 0.0962909376795 2.46008416336 0.00212136374818 0.0201952806692 0.000478897602766
Sr 55 O 4.33668400082 0.218002783647 2.53370623802 0.00211962283329 0.0228462619076 0.000255945143592
Sr 56 O 5.01011754223 0.156577433361 2.49953921082 0.00158367008372 0.0261569191828 0.000244827323052
Sr 57 O 4.59431850137 0.365731753926 2.50458142762 0.00236509462345 0.0410574543512 0.000463079558376
Sr 58 O 5.58077693531 0.434505874856 2.57876883761 0.00240418411349 0.0286047079969 0.000273096162918
Sr 59 O 3.27526780309 0.160647763727 2.50931766355 0.00265452571129 0.0319879634128 0.000567874862955
Sr 60 O 5.73002945343 0.467239539673 2.59220674046 0.0025521949235 0.0331172777938 0.00028063654998
Sr 61 O 4.98890072082 0.242856679512 2.49133394879 0.00198810728345 0.0289704920405 0.000284824554005
Sr 62 O 5.27753680147 0.183871376711 2.51634249276 0.00131278203954 0.0197072197285 0.00015023919044
Sr 63 O 4.33990507239 0.572888783541 2.53816686785 0.00396683174664 0.0496778796618 0.00046905280177
Sr 64 O 3.70064826783 0.0504078788551 2.45764983478 0.00184076759965 0.0127473240536 0.000118232530588
Sr 65 O 5.10447063193 0.288229209626 2.56096819811 0.00200544237273 0.0296670796288 0.00028620885297
Sr 66 O 4.57835836376 0.166190626513 2.59579898856 0.00179525109284 0.019446719998 0.000220864720497
Sr 67 O 4.13526957958 0.26752317833 2.48451020311 0.00294318409717 0.0298981273843 0.000274472345391
Sr 68 O 4.47898797386 0.48658874016 2.52156558795 0.00347200169778 0.0394771539959 0.000422918343309
Sr 69 O 4.71999580221 0.465636583094 2.59187222386 0.00331457591539 0.0372532846598 0.000404605219215
