a11.71_d7p17186570533785 run1 .01861068244170095611 0.0032257373113854593 NaN 24.778761061946902 75.22123893805309
a11.71_d7p17186570533785 run10 .11603437928669451337 0.05891632373113871 4.351351351351352 15.873015873015873 84.12698412698413
a11.71_d7p17186570533785 run2 .02758916323731138053 0.007679612482853229 7.708333333333333 0.0 100.0
a11.71_d7p17186570533785 run3 .06653806584362144677 0.04828532235939649 2.2222222222222223 4.406130268199234 95.59386973180077
a11.71_d7p17186570533785 run4 .07363683127572022781 0.027518432784636542 5.595959595959596 21.592649310872893 78.4073506891271
a11.71_d7p17186570533785 run5 .08054912551440333995 0.03346836419753091 3.6491228070175437 7.79874213836478 92.20125786163523
a11.71_d7p17186570533785 run6 .00999871399176954414 0.005315500685871056 167.0 7.142857142857143 92.85714285714286
a11.71_d7p17186570533785 run7 .04335776748971196920 0.024427726337448597 3.648 5.163511187607573 94.83648881239243
a11.71_d7p17186570533785 run8 .01098036694101507610 0.004143089849108364 NaN 12.4031007751938 87.59689922480621
a11.71_d7p17186570533785 run9 .03337834362139914078 0.01684027777777776 11.818181818181818 3.0732860520094563 96.92671394799055
a11.91_d6p81659590743564 run0 .15828189300411599074 0.09061642661179763 2.342327150084317 1.4631685166498487 98.53683148335016
a11.91_d6p81659590743564 run1 .22574802812071431987 0.11499914266118039 2.5055555555555555 24.76228209191759 75.2377179080824
a11.91_d6p81659590743564 run2 .14302769204389624002 0.08186299725651638 4.8149253731343284 3.593429158110883 96.40657084188912
a11.91_d6p81659590743564 run3 .09077932098765429500 0.043212019890260724 8.934579439252337 15.61618062088429 84.3838193791157
a11.91_d6p81659590743564 run4 .18141289437585760366 0.06657450274348446 2.6486486486486487 13.93939393939394 86.06060606060606
a11.91_d6p81659590743564 run5 .06118398491083674436 0.014999142661179687 21.0 15.07177033492823 84.92822966507177
a11.91_d6p81659590743564 run6 .04973851165980795626 0.014133230452674858 14.083333333333334 9.668508287292818 90.33149171270718
a11.91_d6p81659590743564 run7 .15330932784636518063 0.04675711591220867 9.276785714285714 9.643788010425716 90.35621198957428
a11.91_d6p81659590743564 run8 .10039223251028826242 0.07425197187928699 2.973429951690821 6.2006079027355625 93.79939209726444
a11.91_d6p81659590743564 run9 .11171339163237309752 0.05742026748971202 3.3666666666666667 11.526717557251908 88.47328244274809
a12.11_d6p4844090688345 run1 .26123756858710701378 0.08002829218107066 3.8956043956043955 0.5050505050505051 99.4949494949495
a12.11_d6p4844090688345 run10 .41424682784636635102 0.09767232510288121 2.4935897435897436 3.4862385321100917 96.5137614678899
a12.11_d6p4844090688345 run2 .36861925582990644641 0.15206189986282723 2.8342792281498297 16.69626998223801 83.30373001776199
a12.11_d6p4844090688345 run3 .29290123456790185407 0.04195601851851862 4.042328042328043 15.5299055613851 84.4700944386149
a12.11_d6p4844090688345 run4 .37369684499314342443 0.15277992112482935 1.7084033613445377 0.8687558175612783 99.13124418243872
a12.11_d6p4844090688345 run5 .74892618312756764971 0.5403806584362095 0.8745374449339207 15.341229554427525 84.65877044557247
a12.11_d6p4844090688345 run6 .46787551440329458100 0.2069465877914963 1.3298572996706914 25.889281507656065 74.11071849234393
a12.11_d6p4844090688345 run7 .41514060356653154926 0.22182784636488456 2.4417306350314028 2.8588807785888077 97.14111922141119
a12.11_d6p4844090688345 run8 .57255444101509248354 0.20068158436214192 2.2227204783258596 4.151205936920222 95.84879406307978
a12.11_d6p4844090688345 run9 .49786308299040037326 0.14554183813443164 1.3964968152866242 3.6212624584717608 96.37873754152824
a12.31_d6p17346052013945 run1 .79650205761317517691 0.22912594307270376 2.004929143561306 2.8706171826942795 97.12938281730572
a12.31_d6p17346052013945 run10 .90456747256515977813 0.22943672839506238 2.1120851596743897 5.050301810865191 94.9496981891348
a12.31_d6p17346052013945 run2 .67367326817558705676 0.1983967764060371 2.5166802278275022 5.391022674687645 94.60897732531235
a12.31_d6p17346052013945 run3 .91442043895747472869 0.29517103909464865 1.435702875399361 5.2631578947368425 94.73684210526316
a12.31_d6p17346052013945 run4 .69579689643347556751 0.13459790809327898 2.1974248927038627 10.100671140939598 89.8993288590604
a12.31_d6p17346052013945 run5 1.02089120370369910821 0.7927340534979388 0.9769001490312966 6.966955647694434 93.03304435230557
a12.31_d6p17346052013945 run6 1.06764403292179624994 0.7109460733881889 1.4390284203569068 4.823521441636745 95.17647855836326
a12.31_d6p17346052013945 run7 .85855409807955588561 0.39188314471878627 1.8345788043478262 8.687837028160574 91.31216297183943
a12.31_d6p17346052013945 run8 .84480881344307541095 0.2675432956104247 1.7531522793404462 3.8048264928659505 96.19517350713404
a12.31_d6p17346052013945 run9 .76022162208505195842 0.21606652949245597 2.145565335138795 9.556607834696512 90.4433921653035
a12.51_d5p88207970148057 run1 1.67360039437586168039 1.055163323045267 1.3517017828200972 8.08637721111877 91.91362278888123
a12.51_d5p88207970148057 run10 1.54803240740739887749 0.43595250342935066 1.1530266343825666 3.0589293747188484 96.94107062528116
a12.51_d5p88207970148057 run2 1.56675668724279528927 0.37326388888888407 1.5354483651667206 4.27732379979571 95.72267620020429
a12.51_d5p88207970148057 run3 1.48995627572014979663 0.5973915466392181 1.4196340743655322 1.008212049760143 98.99178795023985
a12.51_d5p88207970148057 run4 1.44038923182440577259 0.6962298525377101 1.8844211344211343 4.700653242642602 95.2993467573574
a12.51_d5p88207970148057 run5 1.66358239026062742595 0.6404406721536325 0.9894393539369467 2.7244340359094457 97.27556596409056
a12.51_d5p88207970148057 run6 2.27608882030180880340 1.2119341563786348 1.3737961285400972 5.844781875150638 94.15521812484936
a12.51_d5p88207970148057 run7 1.55824116941014210633 0.6512560013717353 1.330952795680195 2.211926468390375 97.78807353160963
a12.51_d5p88207970148057 run8 1.54629629629629221011 0.983927040466387 1.7820614732379438 4.600219058050383 95.39978094194961
a12.51_d5p88207970148057 run9 2.01557141632378778328 1.2551033093278965 1.2988764044943821 6.83088954056696 93.16911045943304
a12.71_d5p6087512879319 run1 2.42488854595349365888 1.8569873113855888 1.5285198555956678 5.500752816572348 94.49924718342766
a12.71_d5p6087512879319 run10 3.17814429012353967386 1.4303990912208948 1.0982777574203004 5.5918410114910415 94.40815898850896
a12.71_d5p6087512879319 run2 2.24275977366255508209 1.112892232510296 1.6132903655961774 5.153718586554407 94.8462814134456
a12.71_d5p6087512879319 run3 2.33299039780520747679 1.1013052983539153 1.921000248818114 6.495165892925593 93.5048341070744
a12.71_d5p6087512879319 run4 2.80862911522646281789 1.7999807098766785 1.6232438447628321 5.2628788079645785 94.73712119203542
a12.71_d5p6087512879319 run5 2.97379115226343717487 1.3798396776406405 0.5799628497812931 2.9202063106796117 97.07979368932038
a12.71_d5p6087512879319 run6 3.80027006172849174188 2.7742862654322282 0.8971086670816906 5.667875959382349 94.33212404061766
a12.71_d5p6087512879319 run7 2.89239754801102965644 1.4790552126201058 1.4035267259702433 13.778985981920608 86.22101401807939
a12.71_d5p6087512879319 run8 3.05761316872435275328 1.6091392318245032 1.3953370501773947 9.633637627712956 90.36636237228704
a12.71_d5p6087512879319 run9 2.02153420781894181325 1.1046103395061861 1.9121963250709089 8.295574846495871 91.70442515350413
a12.91_d5p3520986176076 run1 3.74404149519908319338 2.92494855967095 1.1088755707762556 4.934366330604235 95.06563366939577
a12.91_d5p3520986176076 run10 6.35457390260838628979 5.19310485253979 0.6352330414496706 6.3565579946752395 93.64344200532476
a12.91_d5p3520986176076 run2 4.42043038408897878675 4.383206875858505 1.263196555217832 5.1504739734306275 94.84952602656938
a12.91_d5p3520986176076 run3 4.14913408779163166896 2.4498692558300066 1.0219053098799935 11.307600056914039 88.69239994308596
a12.91_d5p3520986176076 run4 4.28241598079584292492 2.788473079561165 1.21575502571295 6.062524176249252 93.93747582375075
a12.91_d5p3520986176076 run5 4.64015775034421195069 4.546026234569162 1.1483562798538915 9.01342750021798 90.98657249978203
a12.91_d5p3520986176076 run6 4.56031164266167589812 4.024084790809806 1.0014738945790658 5.545501067162595 94.45449893283741
a12.91_d5p3520986176076 run7 4.68116426611860169760 4.081412894376467 0.8585606218335763 5.0510331092855365 94.94896689071446
a12.91_d5p3520986176076 run8 4.29929912551524760217 4.135787465707272 1.1492640826076905 8.021703536385692 91.97829646361431
a12.91_d5p3520986176076 run9 4.51589720507617282825 4.158483367627592 1.1131476112441698 7.739387721014579 92.26061227898542
