Sn 1 O 1.98952687674 0.0935220940192 2.1591605649 0.00263927590662 0.00968828255053 0.000305069754642
Sn 2 O 2.86639749937 0.0176278597464 2.0700291627 0.0011185057604 0.00592048527753 5.24129959255e-05
Sn 3 O 1.96523585011 0.0404064699195 2.12682972525 0.00246122281519 0.01118870167 0.000385170600363
Sn 4 O 1.99306454079 0.0342824821187 2.13206573816 0.00236418538902 0.00779978637888 0.000216198959985
Sn 5 O 2.85727731381 0.01817674593 2.13850343193 0.00109326311895 0.00599946399442 3.62192313743e-05
Sn 6 O 2.91255997562 0.00845973353355 2.11417219605 0.000979514695484 0.00361097704749 1.65782652734e-05
Sn 7 O 2.95002993616 0.02583849481 2.15269197563 0.00155600434187 0.00824082722918 0.00018666078317
Sn 8 O 2.90479042521 0.010145881778 2.11783922764 0.001428310296 0.00391653738574 1.90254875217e-05
Sn 9 O 3.5068787452 0.0887162661759 2.22356321047 0.00162783395507 0.0186213642274 0.00019951481448
Sn 10 O 2.86866441162 0.0191127909061 2.13271617493 0.00133364214753 0.00544351997946 3.67975918751e-05
Sn 11 O 2.84170359032 0.0178242295525 2.12775102351 0.0013495211684 0.00628058234342 3.01357339004e-05
Sn 12 O 2.82468536935 0.0397792131505 2.13553372179 0.00139054470433 0.00764252146847 0.000103080368812
Sn 13 O 1.94520512754 0.00518849479435 2.13137632438 0.00155207559665 0.00349655450377 2.23657132832e-05
Sn 14 O 2.88450920445 0.0149274994399 2.15973446934 0.00123153685118 0.0050844572223 3.45520397833e-05
Sn 15 O 1.9715895309 0.00157677956647 2.07321509149 0.00126819191957 0.00168278749885 5.6175647596e-06
Sn 16 O 4.79932627471 0.0218706529708 2.04809178501 0.000358447619285 0.00482046481977 1.89820056472e-05
Sn 17 O 2.81220899615 0.0307168975633 2.13195137638 0.00149961438827 0.00839430417108 8.36630681298e-05
Sn 18 O 2.78817690196 0.0440283016043 2.13682577218 0.00107167843306 0.0105890246991 0.000164738823289
Sn 19 O 2.84605274106 0.0257678286336 2.14996857297 0.00128401751265 0.00724198493928 8.13386189647e-05
Sn 20 O 2.61084311731 0.150645131625 2.13929842465 0.00215974056274 0.009890379497 0.000189003239724
Sn 21 O 2.90592502398 0.0124450289098 2.13747675248 0.00109328592594 0.00517488863165 7.38928529412e-05
Sn 22 O 2.28475301067 0.165390227121 2.18993957208 0.00323864047094 0.0227633530706 0.000655287740738
Sn 23 O 2.9092660404 0.0490585188779 2.18337476602 0.00235827110948 0.0104874551557 0.000224224626267
Sn 24 O 2.90100064084 0.00918270652453 2.11589390672 0.00144032324194 0.00415707145036 2.03418996017e-05
Sn 25 O 2.94277976778 0.0048687480824 2.09187708305 0.000797292788211 0.0023006264201 1.02182035549e-05
Sn 26 O 5.12795576532 0.188408804275 2.0798964111 0.000979330879397 0.00991027802123 8.77526253881e-05
Sn 27 O 2.87253328025 0.0191214210904 2.12791257081 0.00116187178329 0.00555134365826 4.75160672575e-05
Sn 28 O 1.78249709417 0.0853338628662 2.13821244443 0.0024474941139 0.0134386570034 0.000566102046071
Sn 29 O 2.61104976338 0.283037278499 2.18808355568 0.00419260614623 0.0329662687098 0.000656495132957
Sn 30 O 2.88065300121 0.0153644783654 2.16498733285 0.00137628742489 0.00514249672568 3.11759582921e-05
Sn 31 O 2.87082733079 0.101348930768 2.1532024033 0.00247811943248 0.0172154914733 0.000330544504234
Sn 32 O 2.77489724956 0.0441577980729 2.16929662788 0.00171384679815 0.0109442743374 0.000152271906289
Sn 33 O 2.91958949726 0.0169591109672 2.15415650352 0.00154709197956 0.00691861238698 0.000149243266054
Sn 34 O 2.72970505646 0.0700129586403 2.14730803254 0.00175522095188 0.0123048851529 0.000228379335382
Sn 35 O 2.89666206172 0.0112785532308 2.14628001588 0.00118756219224 0.00441321410048 2.36948038047e-05
Sn 36 O 1.91644113699 0.0150812865949 2.17627245463 0.00260247325066 0.00605942659592 0.000102404150583
Sn 37 O 1.88597758221 0.019750373191 2.13821947828 0.00265208551801 0.00863048018308 0.000163290418831
Sn 38 O 2.87586548815 0.0330481607156 2.17434786126 0.00168894689975 0.00851604703502 0.000118220682387
Sn 39 O 2.63778602798 0.076064112266 2.14777775543 0.00163694879594 0.0176161026473 0.00028347466441
Sn 40 O 3.37529516324 0.122614714249 2.22623146142 0.00244933670406 0.0207587466187 0.000256208363029
Sn 41 O 2.89653908287 0.0118010714592 2.10377201869 0.000768054660259 0.00429839862622 2.42358631426e-05
Sn 42 O 2.71730699139 0.0515520521134 2.14051071209 0.00140454083444 0.0138179757359 0.000182566989258
Sn 43 O 2.82796885664 0.0322611565077 2.18655997365 0.00134701084081 0.00818288072094 9.76536059617e-05
Sn 44 O 2.89080293132 0.0136153523118 2.13786975206 0.00123077121046 0.00468204933581 3.04532489031e-05
Sn 45 O 2.86189442453 0.0236791947291 2.18867558658 0.00193089786037 0.00903557110258 0.000178632149509
Sn 46 O 2.90652528615 0.0410993809671 2.16039996272 0.001460521819 0.0130018039182 0.000293157089528
Sn 47 O 2.87485500945 0.0161808293898 2.15864728349 0.00127862466914 0.00544263269613 3.73583764301e-05
Sn 48 O 2.91631392043 0.0105110220401 2.17797415552 0.00124814598725 0.00400337721877 4.46400710581e-05
Sn 49 O 3.01204863379 0.0479443720769 2.12569534352 0.00223630635312 0.0105290929525 0.000230269241198
Sn 50 O 2.8474637573 0.0180458250869 2.13556141653 0.00125439200101 0.00723521149462 6.15931175116e-05
Sn 51 O 2.95744211116 0.038833844473 2.17016416971 0.00192115947384 0.0107838048247 0.000252165499425
Sn 52 O 2.81944158498 0.0390125722537 2.16237272401 0.00170627193008 0.00947128062324 0.000164330312961
Sn 53 O 3.12587056993 0.152860521759 2.20673197722 0.00347082013828 0.0194353765646 0.000328674016694
Sn 54 O 1.98525866607 0.0129230653447 2.12177263668 0.00241255313621 0.00568430151517 0.000192941464678
Sn 55 O 3.21766232888 0.100117161111 2.19479429361 0.00180551882563 0.0239405044649 0.00031756924327
Sn 56 O 2.81785351972 0.179666606526 2.11287262826 0.00251619469816 0.0283581518823 0.000312136559916
Sn 57 O 2.80613144021 0.0403623383741 2.13602157396 0.00111228475255 0.0103930074557 0.000123077695439
Sn 58 O 1.92574368579 0.0126980374998 2.16282549016 0.00230282526356 0.00542805017343 0.000122818565719
Sn 59 O 2.86213465281 0.0185449993278 2.12630426025 0.00130342215263 0.00640976101871 5.08763203264e-05
Sn 60 O 2.8079137739 0.0361076010174 2.13551633345 0.00137550749072 0.00869207117872 0.000111350893005
Sn 61 O 3.31639850765 0.132491657171 2.20584921424 0.00239157919728 0.0175047314396 0.000322898709493
Sn 62 O 2.91532653889 0.00909343462535 2.15098289256 0.00130175222075 0.00390318501909 3.36563110177e-05
Sr 63 O 5.61764812805 0.29678214891 2.5703694904 0.00209523977818 0.0256342708037 0.000320510367168
Sr 64 O 4.36538755691 0.366043332228 2.51324197912 0.00293960783273 0.0340320004388 0.000422391210229
Sr 65 O 5.0793386532 0.246484440831 2.5232775768 0.00178896937171 0.0275670233031 0.0002412940105
Sr 66 O 4.73015123517 0.504630740879 2.57478954543 0.00413006276131 0.0333912960686 0.000436522202777
Sr 67 O 4.70001138867 0.226386373002 2.4893831719 0.00266950629782 0.0238592094395 0.000352535563231
Sr 68 O 5.40687641134 0.283003549041 2.54365864466 0.00244923362384 0.0261471203806 0.000283749279052
Sr 69 O 4.73759383769 0.085875445209 2.4841905279 0.00116498260959 0.0134678722373 0.000105198939382
