a12p143_d8p199 run1 1.06233281893004588942 0.2500793038408787 1.2558550596553248 0.6268364348677767 99.37316356513222
a12p143_d8p199 run10 .73918467078189596214 0.18374271262002895 2.0316846986089643 0.8921743563599286 99.10782564364007
a12p143_d8p199 run2 .68358410493827450888 0.1201903292181079 4.152057245080501 0.1388888888888889 99.86111111111111
a12p143_d8p199 run3 .67502357681755639558 0.31631944444444127 1.6386020651310564 0.19566526189042746 99.80433473810957
a12p143_d8p199 run4 .78273962620027912564 0.1884730795610444 4.284833538840937 0.863275781614559 99.13672421838544
a12p143_d8p199 run5 .75258916323731494977 0.23463220164609228 1.918379330593071 0.8651911468812877 99.13480885311871
a12p143_d8p199 run6 .91572788065842574034 0.6237225651577398 2.2971153846153847 1.6914552347623213 98.30854476523768
a12p143_d8p199 run7 .57701045953360980785 0.1775505829903993 2.5919117647058822 0.8955987717502559 99.10440122824974
a12p143_d8p199 run8 .63492155349794420970 0.15047582304526858 2.7513873473917867 5.739644970414201 94.2603550295858
a12p143_d8p199 run9 1.06600437242797150252 0.7055126886145286 1.4352005303281405 0.6124948958758677 99.38750510412413
a12p343_d7p81 run1 1.61445258916323230349 0.6325981652949171 1.9293347873500546 1.1466011466011465 98.85339885339886
a12p343_d7p81 run10 1.65638503086420792492 1.0602109053498043 0.614171974522293 17.76659761270593 82.23340238729408
a12p343_d7p81 run2 1.40090877914950419918 0.5292631172839404 2.713146139119336 2.8271891380940106 97.17281086190599
a12p343_d7p81 run3 .86449759945130739941 0.19912337105624253 1.4213317619328227 1.192504258943782 98.80749574105621
a12p343_d7p81 run4 1.58257244513030920102 0.4630186899862771 1.1262202043132803 0.2775998291693359 99.72240017083067
a12p343_d7p81 run5 1.43822445130314013697 0.7330075445816052 2.0342412451361866 1.9043344447294177 98.09566555527059
a12p343_d7p81 run6 1.24594907407406670045 0.3721836419753048 1.8813314037626627 0.27624309392265195 99.72375690607734
a12p343_d7p81 run7 2.03178583676266759317 0.6644268689986139 1.5226982680036463 6.02731806027318 93.97268193972683
a12p343_d7p81 run8 1.36020018861453653878 1.0531357167352533 2.699489307373125 2.0965445839264913 97.90345541607351
a12p343_d7p81 run9 1.05813614540466968008 0.25182184499314153 1.5236955481091432 1.251896813353566 98.74810318664643
a12p543_d7p44 run1 2.34720078875184049250 1.8914801954733693 1.7146433888212207 3.0834808186055787 96.91651918139442
a12p543_d7p44 run10 2.62889660493842667615 1.8774841392319759 1.3648401269221382 3.6924267836408204 96.30757321635917
a12p543_d7p44 run2 2.31018947187927273636 0.5815950788751585 2.0328147788040836 2.4525126232267374 97.54748737677326
a12p543_d7p44 run3 2.58574245541851626572 2.3874635631002614 1.064780278670954 1.8334336911608977 98.16656630883911
a12p543_d7p44 run4 2.14309842249659252694 1.175381515775048 1.3545851528384278 1.207550280250577 98.79244971974943
a12p543_d7p44 run5 2.01912294238698475938 1.8670588991770958 1.6293467336683418 3.6006421527406163 96.39935784725938
a12p543_d7p44 run6 1.68542738340191266293 0.516587362825783 1.2926038062283738 5.046693708140741 94.95330629185926
a12p543_d7p44 run7 2.39483882030189015878 1.6945258916324675 1.404472930587754 1.2534029038112522 98.74659709618875
a12p543_d7p44 run8 1.85729809670780963951 0.5545653292180986 1.8331338281062963 2.34071319925638 97.65928680074362
a12p543_d7p44 run9 2.32043252743489350668 1.2416688100137678 1.2280258109522149 2.446088215725412 97.55391178427459
a12p743_d7p09 run1 3.98646262002778886917 3.8557398834022703 1.1758742327028304 1.0927008603742756 98.90729913962572
a12p743_d7p09 run10 4.27243655692818542122 4.2464484739377815 1.0392600891516293 2.2267940010987854 97.77320599890122
a12p743_d7p09 run2 3.54068715706461217015 1.988275891632522 1.0528910341994455 2.0411226174395916 97.9588773825604
a12p743_d7p09 run3 3.25546339163253552675 2.7603159293554396 1.322875656167979 1.3011775922035276 98.69882240779647
a12p743_d7p09 run4 3.42146347736652712378 3.4063485939646005 1.4302665520206364 2.8998018681007642 97.10019813189923
a12p743_d7p09 run5 4.11496484910893394227 4.041156550069148 1.003918747984821 1.9864844794296748 98.01351552057032
a12p743_d7p09 run6 4.90711591220950542954 4.227741340878918 0.9599020293911826 4.9094869139857895 95.09051308601421
a12p743_d7p09 run7 3.35287851508934904752 3.2638567386833066 1.3653785294841592 2.014300792341197 97.9856992076588
a12p743_d7p09 run8 2.59968278463667220329 2.5359439300413325 2.1921262593908333 3.4463256221265417 96.55367437787346
a12p743_d7p09 run9 3.60849408436213927048 1.1730109739369268 1.042494146214552 13.421365489130435 86.57863451086956
a12p943_d6p77 run1 4.91132758916480761655 4.801142403979606 1.150179756942147 2.3295413747474023 97.67045862525259
a12p943_d6p77 run10 4.02409336419777193590 3.770771176269077 1.5732823429430607 3.505785816809989 96.49421418319001
a12p943_d6p77 run2 5.60889917695801060554 5.558980624145927 1.0791361558190535 3.1545543934924467 96.84544560650755
a12p943_d6p77 run3 5.23416280864241247625 3.869408007544969 0.7553794673978714 3.154578308468249 96.84542169153175
a12p943_d6p77 run4 4.49713648834102724247 4.111490483539914 1.1728372671451148 4.644368926250522 95.35563107374948
a12p943_d6p77 run5 4.65549554183991280976 4.552869941702718 1.2655063291139241 3.206292241073635 96.79370775892636
a12p943_d6p77 run6 4.31730538408873928258 4.188541666667591 1.3225684403967246 3.5675222824695725 96.43247771753043
a12p943_d6p77 run7 5.10838906035687653595 3.4827760631003097 0.8167305236270753 4.154950205038078 95.84504979496192
a12p943_d6p77 run8 4.98451646090688808871 4.52596450617436 1.1727973437685284 2.5530475026196298 97.44695249738037
a12p943_d6p77 run9 5.64559756516122668672 5.536228995202358 0.9608146567057987 3.7002095485181927 96.29979045148181
a13p343_d6p18 run1 8.76055384088047608509 8.754816100825593 0.8006090197931433 3.1087992255701797 96.89120077442982
a13p343_d6p18 run10 9.17119984568227715201 9.165192043899001 0.7100390332070683 2.3905368025726945 97.6094631974273
a13p343_d6p18 run2 10.32599236968492287857 10.311505486968864 0.6437777133148233 3.099379821509605 96.9006201784904
a13p343_d6p18 run3 8.62340963649189368769 8.591501628947299 0.7896324564021661 2.5927845183424765 97.40721548165753
a13p343_d6p18 run4 8.07734267833097452503 8.076545353228084 0.9411757587492134 3.169982108458896 96.8300178915411
a13p343_d6p18 run5 8.04856395748004209212 8.025559413584283 0.9275576617741524 3.087960663241887 96.91203933675811
a13p343_d6p18 run6 9.29600051440467202170 9.254736796983536 0.7571164907278107 2.951082063423255 97.04891793657674
a13p343_d6p18 run7 8.93714206104540430144 8.936126114543336 0.8109122103478926 1.8999731755063836 98.10002682449361
a13p343_d6p18 run8 8.80419881687435216054 8.753071416325644 0.8216512475171805 1.6221290589668986 98.3778709410331
a13p343_d6p18 run9 9.55152820644853348321 9.371287722909427 0.719561596123268 2.5918913266036263 97.40810867339637
a13p743_d5p66 run1 14.96069101507992996921 14.955081875848098 0.4866626178342267 2.19213021345828 97.80786978654172
a13p743_d5p66 run10 14.26586505485982590400 14.265395661855697 0.5493319894859211 1.3993768226827672 98.60062317731723
a13p743_d5p66 run2 12.48382844649552875884 12.483155435521581 0.6356820259520528 1.8226940001251277 98.17730599987487
a13p743_d5p66 run3 13.23637045609566437285 13.227606310005125 0.6091170410317723 2.474468825091691 97.52553117490831
a13p743_d5p66 run4 13.74542395403572923441 13.74499742797263 0.5771401041823492 2.349441754616407 97.65055824538359
a13p743_d5p66 run5 14.39083290465654145596 14.385448816865035 0.5462163434007835 4.6960768855626895 95.30392311443731
a13p743_d5p66 run6 12.55117669752409335097 12.54505744169418 0.7018325416678378 4.900535925152148 95.09946407484786
a13p743_d5p66 run7 13.75754672496008897657 13.753101423176814 0.5705200890312749 1.41225995973703 98.58774004026297
a13p743_d5p66 run8 13.32613811727816290934 13.29376071672945 0.5986236943669687 3.0258633930786774 96.97413660692132
a13p743_d5p66 run9 13.11449974279125270135 13.114107510280954 0.6272443656228559 2.388168937893288 97.61183106210672
a14p143_d5p19 run1 19.94063786007507443362 19.937082047317784 0.37979626041934966 1.4506202064198466 98.54937979358016
a14p143_d5p19 run10 17.66995241768602837775 17.668321330580422 0.48259460519687775 2.194620338799589 97.8053796612004
a14p143_d5p19 run2 17.99247899518565423517 17.972136488326957 0.46740086188133895 2.765005665873642 97.23499433412636
a14p143_d5p19 run3 18.39166452331248215205 18.338528806577123 0.4231989521175957 2.2556083422447393 97.74439165775526
a14p143_d5p19 run4 18.15609567900203399456 18.15506687241753 0.4760484614485627 4.125098970704672 95.87490102929533
a14p143_d5p19 run5 18.70259559326736648274 18.70118741425494 0.42926489849377863 2.029507614591149 97.97049238540885
a14p143_d5p19 run6 17.71813485938298493907 17.71623585389603 0.5166305264972464 2.3991768439503116 97.60082315604969
a14p143_d5p19 run7 18.79031635801674255048 18.78215877914146 0.42776714058744447 2.280340339083641 97.71965966091636
a14p143_d5p19 run8 18.96982381686318493752 18.969026491760214 0.40515294192501633 1.4385129800113767 98.56148701998862
a14p143_d5p19 run9 20.14876114539494779689 20.121761402596505 0.3589383995646664 4.510944785605827 95.48905521439417
