Sn 1 O 2.72177638619 0.0634315984791 2.16069468885 0.00174920071484 0.0153341713551 0.000303298070066
Sn 2 O 2.92006905752 0.00678714176488 2.13248192249 0.000914271832575 0.00333166549275 1.36467012783e-05
Sn 3 O 3.15360624215 0.136719735496 2.20354839082 0.00282048147572 0.0105451777881 0.000192072593429
Sn 4 O 2.89890030831 0.0124426369931 2.13287429653 0.00150744231868 0.00439868673641 3.04229319986e-05
Sn 5 O 2.92028665897 0.0882145159001 2.12677617723 0.0013967160063 0.0117180029943 0.000160951286779
Sn 6 O 2.9234770062 0.00769476582581 2.16305253071 0.000955130936586 0.0033277427612 1.83571754058e-05
Sn 7 O 2.89679248682 0.0120016529077 2.15555057362 0.00114994447996 0.00456414542 3.07430463639e-05
Sn 8 O 2.82600533577 0.0363897860199 2.10079765563 0.0010060438701 0.00780740589901 0.000113687283062
Sn 9 O 2.89252494245 0.0132294475048 2.11928139239 0.000990808007088 0.00432630964707 2.27733275768e-05
Sn 10 O 2.14210981163 0.085718825327 2.10274560919 0.00231140084063 0.0124808094666 0.00043885841833
Sn 11 O 2.89139745479 0.0137764594956 2.14081434987 0.000877984874805 0.00464449597357 2.89824148028e-05
Sn 12 O 2.77895534804 0.0329078593713 2.13963805396 0.00125513055475 0.0113479890542 0.00014047652227
Sn 13 O 2.80194829781 0.0485484834667 2.17288922837 0.00208424630394 0.0117998615717 0.000177365601407
Sn 14 O 2.91230387875 0.00865898436617 2.12092983287 0.000915996140276 0.00422307793241 3.76851457681e-05
Sn 15 O 2.27895834846 0.101499843722 2.12562544291 0.0026312186992 0.0244543543306 0.000635339517917
Sn 16 O 2.86712673597 0.0165421629672 2.14809727502 0.00119075688126 0.00581279356401 3.78672187513e-05
Sn 17 O 1.95716762388 0.00364264810618 2.08492029451 0.00119144847274 0.00258503829574 1.39758996578e-05
Sn 18 O 2.67590069985 0.122134843176 2.12649328529 0.00125958393658 0.00843517096097 9.92827770676e-05
Sn 19 O 2.98125504342 0.056560295375 2.18550818796 0.00301504543157 0.00833378435018 0.000189864799917
Sn 20 O 2.92351069929 0.0072188199199 2.10948301439 0.00107900444759 0.00305352598323 1.19341035728e-05
Sn 21 O 2.81964627599 0.0196535378181 2.09820966836 0.00112424357142 0.00754187158591 4.23253881064e-05
Sn 22 O 4.78118735613 0.0239638184419 2.04421859603 0.000361021122494 0.00485946076113 1.35061691886e-05
Sn 23 O 2.73601093724 0.060714233576 2.15500698605 0.00190513184177 0.0127070663621 0.000200527651017
Sn 24 O 2.90121242285 0.0105956773735 2.18745874801 0.00140041388024 0.00424837720533 2.19062661917e-05
Sn 25 O 2.80107506719 0.0357666021132 2.11859505964 0.00145314428793 0.00812669764285 7.50744170947e-05
Sn 26 O 2.82398376356 0.0260624436471 2.16263571662 0.00140899865178 0.00776620110541 6.44865292625e-05
Sn 27 O 2.90557652956 0.0105303042139 2.10324825923 0.00113695467351 0.00373512333938 1.73643198579e-05
Sn 28 O 2.28192787394 0.204241664597 2.13376203601 0.00227612071339 0.00563306021728 0.000122884629807
Sn 29 O 1.96322976486 0.00251447874273 2.07265725044 0.00140890388726 0.00217769938044 9.03663888061e-06
Sn 30 O 2.86340937126 0.087872708343 2.17447250003 0.00236490262332 0.0143091130031 0.000280687193923
Sn 31 O 2.90146108592 0.0151521268064 2.13196025189 0.00122652282683 0.00450931247551 6.34574138904e-05
Sn 32 O 2.8407352645 0.0249020561867 2.13651654027 0.00102191027872 0.00682395758572 5.7582467678e-05
Sn 33 O 2.88073584343 0.0140347617689 2.13160439903 0.00111572640617 0.00522665616412 3.57117431526e-05
Sn 34 O 3.04891972233 0.0673858345802 2.18996236075 0.00174198681469 0.0135165779658 0.000296863318159
Sn 35 O 2.89027300166 0.0122383536673 2.13996212152 0.00110486338198 0.00466313966376 2.55840532937e-05
Sn 36 O 3.01987745599 0.121034082603 2.20423120747 0.00297119304505 0.0177809137024 0.000326133733551
Sn 37 O 2.17116653026 0.101000386576 2.2066168765 0.00533313091135 0.0178813220434 0.00058338834014
Sn 38 O 2.5894560661 0.186269498459 2.1316468165 0.0022481937475 0.00579905315511 3.92629865861e-05
Sn 39 O 3.02943510351 0.0676066272139 2.18180657548 0.00188932271909 0.0192509084093 0.000407486909744
Sn 40 O 2.92625885242 0.00816454506327 2.15506404282 0.00100442361947 0.00463984038561 8.04834722137e-05
Sn 41 O 2.8177109822 0.0262636190998 2.13207855011 0.0012982989633 0.00849029339497 7.52330591703e-05
Sn 42 O 1.97531528565 0.00121946412855 2.05096104838 0.00119135722364 0.00143005664462 4.18526459703e-06
Sn 43 O 2.27150279709 0.185548120517 2.13575231098 0.00192259044197 0.00618628122437 0.000113120484194
Sn 44 O 1.98016286009 0.00152353806517 2.08778224214 0.00181024820949 0.00189643266179 5.1571461547e-05
Sn 45 O 2.9031211977 0.0111932604694 2.08759111125 0.000860419449927 0.00388749301614 2.05059498631e-05
Sn 46 O 2.62433962447 0.0832170081038 2.1252613364 0.00143371242775 0.0172795121656 0.000319490355783
Sn 47 O 1.87787992632 0.0141204427291 2.09885303255 0.00143574208552 0.00797672043596 7.66691122394e-05
Sn 48 O 2.88995838209 0.0141800756982 2.13568457853 0.00137783563799 0.00467533287979 3.00478605454e-05
Sn 49 O 2.86745030924 0.0166382513287 2.13791862451 0.000934842887592 0.00538713007368 3.07216995029e-05
Sn 50 O 2.8391993048 0.0221552176479 2.15136678677 0.00112015290438 0.00695976505368 4.74622302989e-05
Sn 51 O 2.81447150806 0.0312216662239 2.10509527249 0.000864084459397 0.00776101411607 7.57155729135e-05
Sn 52 O 2.83881756626 0.0202037400561 2.14394109595 0.00114385635983 0.00691812467141 4.83428494195e-05
Sn 53 O 2.89934086488 0.00961139504846 2.12787176012 0.000929968103569 0.0043371713686 2.49855124404e-05
Sn 54 O 2.89150703802 0.0141351582316 2.12201118713 0.00100361533107 0.00478003436122 4.34454629896e-05
Sn 55 O 2.86034218481 0.0191506010919 2.14563582651 0.00143303329992 0.00596846184415 4.60879264849e-05
Sn 56 O 2.82496382521 0.0229736859424 2.12886126082 0.00113426901014 0.00757103375678 5.3477695322e-05
Sn 57 O 3.08293739073 0.124760073487 2.1705355223 0.00229905496037 0.00619169748927 5.02476705123e-05
Sn 58 O 2.66435335534 0.0669909208306 2.1495851012 0.00153151638623 0.0157350482195 0.000225504579551
Sn 59 O 2.9320599914 0.00550216493402 2.09329310501 0.000951878500853 0.00268390836026 9.11782303521e-06
Sn 60 O 2.98942495522 0.0499286105322 2.14730892019 0.00162141147378 0.00905786183774 0.000174682390186
Sn 61 O 2.87871623007 0.0192792324404 2.19018744361 0.00175273872582 0.00575340170784 5.95505251186e-05
Sn 62 O 2.59785757819 0.105761601142 2.16713183301 0.00338829516302 0.0185997463435 0.000353336337335
Sr 63 O 3.69319140773 0.0672420291851 2.47047320022 0.00170495461265 0.0127079920245 0.000129068225766
Sr 64 O 5.04490992999 0.203543369377 2.50910131812 0.0017427645672 0.0294956851019 0.00026299678652
Sr 65 O 4.02405241526 0.272594712324 2.44240303445 0.00188549424193 0.0240682764932 0.000278833029256
Sr 66 O 5.33145368356 0.201050271638 2.54171826045 0.00181096628049 0.0220471051515 0.000193082026975
Sr 67 O 4.29745122397 0.334265566241 2.51222740987 0.00249983506873 0.0247232955564 0.000461734735109
Sr 68 O 4.90387243055 0.467861229366 2.5448147618 0.00239696731012 0.0386761802478 0.000433959464049
Sr 69 O 4.38506602174 0.158082121696 2.51358659526 0.00184539906095 0.0218667019818 0.000245215270573
