Sn 1 O 2.01274968173 0.129154867444 2.34722705504 0.00938708654726 0.0282319177307 0.000890862697241
Sn 2 O 2.76411118682 0.0414225950357 2.09815300701 0.00135123591398 0.0105858567975 0.000124397249817
Sn 3 O 1.0 0.0 2.07768587138 0.00449732750742 0.0 0.0
Sn 4 O 3.16582211943 0.0822781785223 2.17142215568 0.00195482570453 0.022283898528 0.000371395397
Sn 5 O 4.63391387094 0.0411960327089 2.06142482772 0.000460340760516 0.009224447801 3.77238697934e-05
Sn 6 O 3.04065408763 0.129601731608 2.18247515982 0.00258109937518 0.0205774026001 0.000515799902457
Sn 7 O 1.94683931926 0.00601676925896 2.06861167899 0.0019936561879 0.00322433157522 2.44092123116e-05
Sn 8 O 2.90219508311 0.104044009633 2.19932305107 0.00267943182577 0.0214430857255 0.000454252906822
Sn 9 O 2.86379662555 0.025819665172 2.1435779168 0.00149480946167 0.0060534723754 7.13075545967e-05
Sn 10 O 2.85936397294 0.0447152998378 2.12496521975 0.00160974151678 0.0150748284822 0.000323794332956
Sn 11 O 2.88309620927 0.0176310597892 2.12988611575 0.000949669170496 0.00490757427508 4.00672953301e-05
Sn 12 O 2.67364748091 0.060278261009 2.08754920875 0.00157145408715 0.0143887159213 0.0001564842546
Sn 13 O 2.89511836771 0.0106527710715 2.15032860764 0.00151326218374 0.00449654882034 2.25106839825e-05
Sn 14 O 2.90296972479 0.0118070322101 2.10834566561 0.00117319283072 0.00413032850155 2.82531622722e-05
Sn 15 O 2.84446385117 0.0286354341415 2.1376333663 0.00172939639006 0.00661979626362 6.3321887108e-05
Sn 16 O 2.93133419541 0.00530782459656 2.10505225075 0.000803962765513 0.00275099171674 8.97138849766e-06
Sn 17 O 2.9016643308 0.0122246222531 2.14677573666 0.00100523304293 0.00425627221224 2.78304646657e-05
Sn 18 O 2.9031697711 0.0126202163309 2.12889992952 0.00132744325394 0.00498394586917 6.27011435942e-05
Sn 19 O 2.91340480511 0.00773566293968 2.12714115124 0.00122252059759 0.00355168926955 1.38339198963e-05
Sn 20 O 3.06591585839 0.061705645075 2.12902370139 0.00167694222714 0.0151885872467 0.000338007908085
Sn 21 O 2.93339685654 0.00703347155382 2.07284901828 0.00119354797906 0.00426152906242 7.81003507309e-05
Sn 22 O 2.9158547988 0.00748628578688 2.12204857297 0.0014396257845 0.00341063613453 1.29567901203e-05
Sn 23 O 2.81826806432 0.0393676552575 2.14151774561 0.00174729598868 0.00902694283658 0.000165844285396
Sn 24 O 2.82087071615 0.0251412406358 2.14482754324 0.00139591268856 0.00829399584263 8.3635282908e-05
Sn 25 O 2.65751264623 0.0875267974427 2.17255788764 0.00183890989135 0.0166715422671 0.000313174256112
Sn 26 O 2.66499696899 0.0661656015712 2.1224467855 0.00127366280723 0.0171709270373 0.000286834055479
Sn 27 O 2.86051961074 0.018887124274 2.13579851767 0.00119356872646 0.00593306830671 4.11395623806e-05
Sn 28 O 2.3754601278 0.123011467693 2.13725639138 0.00215647746314 0.0254585241915 0.000409696445841
Sn 29 O 2.9195812482 0.0073096181321 2.13654656491 0.00124633775555 0.00329754274836 1.30519653192e-05
Sn 30 O 2.88530766161 0.0188941860744 2.16315947383 0.00159598451079 0.00498954856402 4.17102640951e-05
Sn 31 O 4.80528980408 0.0167328081565 2.04232012145 0.000360213730282 0.00421018592182 8.02865252591e-06
Sn 32 O 1.0 0.0 2.03242426336 0.00255938716488 0.0 0.0
Sn 33 O 2.78062052207 0.0420444471564 2.13450043009 0.00135371469117 0.00974865937316 0.000125886916684
Sn 34 O 1.96141778057 0.00351023945164 2.09868297502 0.00121689730148 0.00237685395623 1.44415734977e-05
Sn 35 O 2.70262141123 0.0533073959848 2.13116361294 0.00138881770106 0.0161852099573 0.00026957391855
Sn 36 O 1.94110495898 0.00612401426435 2.12955032567 0.00208732189744 0.00440927316394 7.24055802656e-05
Sn 37 O 2.90585494832 0.00899805679677 2.12285489589 0.00081618482146 0.00393599819344 2.01736297482e-05
Sn 38 O 2.9730814262 0.051178880128 2.18531730382 0.00184612118912 0.0114031797185 0.00025340622658
Sn 39 O 2.9004948705 0.00859983326393 2.15961034071 0.0015659008824 0.00421594294873 1.63933512644e-05
Sn 40 O 2.23110099578 0.140664410602 2.13494315076 0.00274311590226 0.0112610803124 0.000256726211784
Sn 41 O 2.94075352831 0.0282567897541 2.18045963128 0.00184171734918 0.00852779882772 0.000190775520882
Sn 42 O 2.92665491223 0.00524614679988 2.10030695155 0.000911093606328 0.00288886604629 8.09043469152e-06
Sn 43 O 2.69451010959 0.0544078260766 2.12704605917 0.00130246221284 0.0140648065617 0.000183176215618
Sn 44 O 2.91507901229 0.0069562161604 2.10264122647 0.000893985697925 0.00334419048413 1.08291891588e-05
Sn 45 O 2.87860040841 0.0171777984525 2.17247613367 0.00268052380742 0.00532060562113 3.65388967676e-05
Sn 46 O 1.0 0.0 2.11580669906 0.00320838782191 0.0 0.0
Sn 47 O 2.80145291603 0.0227089213223 2.04724986582 0.00111659760452 0.00753573421307 3.88750786298e-05
Sn 48 O 2.91710321706 0.00885173194732 2.07376054009 0.000792312505508 0.00322941454621 1.44211874118e-05
Sr 49 O 5.82826780079 0.255207531058 2.5396293308 0.00167489418666 0.0289050170637 0.000198092672159
Sr 50 O 4.68438344338 0.207465218659 2.48893344516 0.00194379532632 0.0211666005745 0.000241215393657
Sr 51 O 6.23598018727 0.591643993248 2.57195749155 0.00284009581365 0.0373007933718 0.000352834634638
Sr 52 O 4.76369006662 0.0834196342401 2.49600147963 0.00124049334519 0.0170072143872 0.000251486522471
Sr 53 O 4.85748484969 0.283138470642 2.50303718024 0.0022545616841 0.0384422161246 0.000388294704527
Sr 54 O 4.10167142026 0.223800612271 2.55103675174 0.00338731459647 0.0373912569792 0.000501729438999
Sr 55 O 4.28741617838 0.213245465361 2.53747671711 0.00261199400512 0.0264285070027 0.000349124181139
Sr 56 O 3.54266456461 0.372298714615 2.45223329856 0.004081657207 0.0369280901918 0.000563739346312
Sr 57 O 3.60099643392 0.259844264566 2.47959453599 0.00330538929265 0.0439027854135 0.000647496754869
Sr 58 O 4.79712805113 0.285161546868 2.52673254023 0.00234597345439 0.0257893707662 0.000287280811241
Sr 59 O 4.22644235925 0.205813918063 2.49871389918 0.00195820676338 0.0211054303615 0.000269299850635
Sr 60 O 4.48945838853 0.454433207921 2.48750301039 0.00330120234035 0.0323484028595 0.000288923255405
Sr 61 O 5.46134466367 0.153174198082 2.5418941616 0.00179727684189 0.016530515164 0.000161618130489
Sr 62 O 4.75716197952 0.17752957116 2.50622694407 0.00166679838941 0.025657215042 0.000276339979118
Sr 63 O 5.00748397346 0.205278132029 2.49928501305 0.00183942695247 0.0267210971803 0.000230275843616
Sr 64 O 4.30584962184 0.174673549169 2.46334923484 0.00203264643146 0.0242371299172 0.000303597473988
Sr 65 O 4.62498946897 0.0704575068499 2.50825893718 0.00168571114966 0.0131750692754 0.000109262572589
Sr 66 O 4.26378594089 0.391224198457 2.5163775704 0.00338527718528 0.0390813080473 0.000463053887647
Sr 67 O 4.69109064012 0.176800785698 2.49854480048 0.00158385546781 0.039229698696 0.00047234806426
Sr 68 O 3.86715519579 0.207062765862 2.51036676784 0.00267436757185 0.0336570624249 0.000368642136724
Sr 69 O 5.78649314236 0.485456440801 2.57905396856 0.00279840132395 0.0387220092202 0.00028252749463
