Sn 1 O 2.92591547466 0.0111699113563 2.10871458651 0.000846955026868 0.00429055037158 4.57400784977e-05
Sn 2 O 2.82661490275 0.0278904879339 2.14721362391 0.00153845406462 0.00743016555336 7.25303322929e-05
Sn 3 O 1.95255263659 0.00534980094697 2.09315226316 0.00164255519383 0.00298765274516 2.96419583729e-05
Sn 4 O 1.94440731704 0.00735946579318 2.17778008889 0.00213736174916 0.0038182283723 4.14854258069e-05
Sn 5 O 2.92918560313 0.00526953748244 2.11694436915 0.00083977605737 0.00286398212282 9.27586346871e-06
Sn 6 O 2.72792218821 0.108883206163 2.13351022856 0.00162063915173 0.00675004887956 6.08858696915e-05
Sn 7 O 2.85740446142 0.014711595463 2.12472928346 0.00102318243748 0.00587362918053 2.75147315892e-05
Sn 8 O 2.70578567392 0.056731335862 2.13176166311 0.0012492225351 0.0126725236413 0.000133426209718
Sn 9 O 2.86079818087 0.0238540169261 2.15288156052 0.00145597435124 0.00627504930189 7.84070686111e-05
Sn 10 O 1.96762605225 0.0024846363629 2.09341122474 0.00163544280466 0.00196823591589 1.00042823194e-05
Sn 11 O 2.7854683209 0.0345960532431 2.12420141661 0.00122450207864 0.0093627009909 9.69881657874e-05
Sn 12 O 3.05486723551 0.117079607133 2.17841434964 0.00175671372019 0.0249267879992 0.000335034758396
Sn 13 O 3.18621129099 0.143121571977 2.24705272518 0.00283198524011 0.0254725542631 0.000349185086416
Sn 14 O 2.84830082774 0.0286832036202 2.12571968563 0.00132252814361 0.00677070942888 8.69239566268e-05
Sn 15 O 2.89250241029 0.0169935400251 2.17014429942 0.00124555513424 0.00470264625113 3.6745757988e-05
Sn 16 O 2.47028135982 0.168627049878 2.16353779402 0.0027065538719 0.0164403853992 0.000301667015084
Sn 17 O 2.83753384901 0.031727912899 2.14845308391 0.00117749843064 0.00784746549183 0.000120516316468
Sn 18 O 1.88123514736 0.0190405906654 2.14814973266 0.00277411348584 0.00842516940683 0.000126257082093
Sn 19 O 2.87639601689 0.015401766097 2.08639920065 0.00122568059708 0.00497134644543 3.06448898834e-05
Sn 20 O 2.87737047831 0.0122344302515 2.11933510233 0.000965017254623 0.00540342898 3.22003596212e-05
Sn 21 O 2.75552508677 0.0810407459541 2.16616992776 0.00189021879832 0.0170286004302 0.000335703048087
Sn 22 O 2.90070954976 0.011730669067 2.15259626912 0.00138416316404 0.00428309445962 2.92419288723e-05
Sn 23 O 2.88076777478 0.0164030107172 2.1876550522 0.00132746135124 0.00547709183416 4.99671159938e-05
Sn 24 O 1.96365116353 0.00268853423853 2.10432984357 0.00162731994476 0.00222338858693 1.04765610335e-05
Sn 25 O 2.86892975957 0.0167638220571 2.15880042602 0.00105557174569 0.00606675698432 4.90835216651e-05
Sn 26 O 2.87167542855 0.0142856618529 2.1156420968 0.00103234289929 0.00528361630319 2.77731733771e-05
Sn 27 O 2.79650421056 0.0335156039568 2.15502000497 0.0013214824657 0.0099858312258 0.000131788811307
Sn 28 O 2.83486910933 0.0253028147032 2.13384288243 0.0012647108336 0.00697643721761 5.600611458e-05
Sn 29 O 3.35899050878 0.104864834164 2.21847022581 0.00187201993401 0.0239101848883 0.000270362199982
Sn 30 O 2.93177274972 0.00617699806402 2.1007642398 0.000653054356625 0.00280470432595 1.26053181297e-05
Sn 31 O 3.79747016537 0.0264828620335 2.14173091366 0.000784084918661 0.0066046925077 3.56138421733e-05
Sn 32 O 2.88647217393 0.0271564867671 2.1597725549 0.00143274139419 0.00629173280729 0.000132585242198
Sn 33 O 2.87203127004 0.0204027560278 2.13815794946 0.00103161209759 0.00597990183208 6.94272693604e-05
Sn 34 O 2.78535766164 0.0305250971423 2.13035142252 0.00127306617578 0.00931283784225 7.80120422352e-05
Sn 35 O 2.86483809099 0.0205569735799 2.1557900796 0.00138532403238 0.00618835041694 5.52008757656e-05
Sn 36 O 2.62501885409 0.0851583758104 2.11872068667 0.00123245924793 0.0186254473427 0.000375463605441
Sn 37 O 2.89229338863 0.0138143214377 2.13399855374 0.00118756941718 0.00471999767881 3.35606567032e-05
Sn 38 O 2.86659008218 0.0212654395061 2.17158781742 0.00145211620343 0.00674241059473 7.0207758558e-05
Sn 39 O 2.82328238877 0.133864733657 2.1680756097 0.00235398940778 0.0147968464893 0.00020954143793
Sn 40 O 2.87768082922 0.0166201411647 2.1410697929 0.00115357603385 0.00551378061718 4.55896858195e-05
Sn 41 O 2.89166662449 0.0157502598954 2.17502679502 0.00120844073179 0.00485886925575 3.65786068256e-05
Sn 42 O 3.37209921094 0.138689157814 2.16002771186 0.00199921278865 0.0180637401119 0.000181099152228
Sn 43 O 2.82556003067 0.0361972596351 2.19146893163 0.00163269307971 0.00916262467279 0.000125293625505
Sn 44 O 2.83466638338 0.0229887287411 2.22984141714 0.00203809005467 0.00816794344983 7.67570334161e-05
Sn 45 O 2.84381597493 0.0226079361041 2.12347929978 0.00121978645882 0.00635491593836 4.04061453012e-05
Sn 46 O 2.69819686487 0.0632564299061 2.13838187451 0.00162716967413 0.0135208337221 0.000158880257041
Sn 47 O 2.87223023671 0.0462871751165 2.155910581 0.00148205275784 0.0121633628469 0.000266377645433
Sn 48 O 2.92435073662 0.0315643350646 2.14412719662 0.0012565883884 0.0084569651532 0.000186354730416
Sn 49 O 2.86241333852 0.0260767786742 2.14771951394 0.0016318013903 0.00706289457014 8.86541530043e-05
Sn 50 O 2.70406913212 0.0539923978811 2.11175192439 0.0012214997401 0.0130498378722 0.00014986316415
Sn 51 O 2.61780367788 0.0710122189472 2.13667534252 0.00166719068284 0.0173637962735 0.000203012845595
Sn 52 O 2.83936448946 0.0251433779611 2.20775834377 0.00189202122017 0.00789548396165 8.63748307035e-05
Sn 53 O 2.91498648687 0.0439323414539 2.18234315296 0.00191104177539 0.00902499137757 0.000154678354456
Sn 54 O 2.85251987589 0.0212125054081 2.13833394652 0.0010021929777 0.00612990867616 4.65145655318e-05
Sn 55 O 2.83869035893 0.0235906879193 2.11948990841 0.000878142891778 0.00767655407463 7.78111438355e-05
Sn 56 O 2.86423474896 0.0207911782864 2.1413791752 0.00111117951395 0.00607276848963 5.36436265086e-05
Sn 57 O 3.2228346808 0.121128851192 2.1428095815 0.00196573655816 0.0204338525653 0.000280050695067
Sn 58 O 2.89768347299 0.0161116634172 2.19119629566 0.00150328952408 0.00577782552652 9.15760440046e-05
Sn 59 O 2.86734019522 0.0461602661263 2.13574773327 0.0019729842483 0.00976475947436 0.000152147016386
Sn 60 O 2.93175881473 0.0222950705666 2.14325273271 0.00164333657868 0.00744683677207 0.000143259960225
Sn 61 O 2.88833551599 0.0114823849647 2.10407032643 0.00104274201722 0.00450344886255 2.08964725718e-05
Sn 62 O 3.10736371436 0.104445843439 2.22127435728 0.00312273539037 0.0185631084952 0.000295333830796
Sr 63 O 5.2716932543 0.190152016638 2.55930698236 0.00167577785005 0.0206327508007 0.000233177575058
Sr 64 O 5.43787595017 0.425822471292 2.5554704004 0.00206838836603 0.0352643187973 0.000274469115337
Sr 65 O 5.0553749059 0.284092088573 2.55335693742 0.00208300414501 0.0278176503925 0.000254083911055
Sr 66 O 5.33780393104 0.149608374788 2.50478419062 0.00124881742324 0.0196205079257 0.000149918234622
Sr 67 O 4.28221790949 0.160353138265 2.47323601554 0.00157437063977 0.0254891366721 0.000233530096166
Sr 68 O 6.97611634003 0.489462803155 2.63159229589 0.00235007151704 0.035218598459 0.000283449356663
Sr 69 O 4.96421669252 0.422317299614 2.54728375599 0.00238569468226 0.0310291173 0.00042274760853
