*Not Complete! Use the fist.txt instead.*
4.31
4.31
4.31
4.31
4.31
4.31
4.31
4.31
4.31
4.31
4.31
4.31
4.31
4.31
4.31
4.31
4.31
4.31
4.31
4.31
4.48
4.48
4.48
4.48
4.48
4.48
4.48
4.48
4.48
4.48
4.48
4.48
4.48
4.48
4.48
4.48
4.48
4.48
4.48
4.48
4.67
4.67
4.67
4.67
4.67
4.67
4.67
4.67
4.67
4.67
4.67
4.67
4.67
4.67
4.67
4.67
4.67
4.67
4.67
4.67
4.86
4.86
4.86
4.86
4.86
4.86
4.86
4.86
4.86
4.86
4.86
4.86
4.86
4.86
4.86
4.86
4.86
4.86
4.86
4.86
5.06
5.06
5.06
5.06
5.06
5.06
5.06
5.06
5.06
5.06
5.06
5.06
5.06
5.06
5.06
5.06
5.06
5.06
5.06
5.06
5.28
5.28
5.28
5.28
5.28
5.28
5.28
5.28
5.28
5.28
5.51
5.51
5.51
5.51
5.51
5.51
5.51
5.51
5.51
5.51
5.75
5.75
5.75
5.75
5.75
5.75
5.75
5.75
5.75
5.75
6.01
6.01
6.01
6.01
6.01
6.01
6.01
6.01
6.01
6.01
4.15
4.15
4.15
4.15
4.15
4.15
4.15
4.15
4.15
4.15
4.15
4.15
4.15
4.15
4.15
4.15
4.15
4.15
4.15
4.15
3.99
3.99
3.99
3.99
3.99
3.99
3.99
3.99
3.99
3.99
3.99
3.99
3.99
3.99
3.99
3.99
3.99
3.99
3.99
3.99
3.84
3.84
3.84
3.84
3.84
3.84
3.84
3.84
3.84
3.84
3.84
3.84
3.84
3.84
3.84
3.84
3.84
3.84
3.84
3.84
3.7
3.7
3.7
3.7
3.7
3.7
3.7
3.7
3.7
3.7
3.7
3.7
3.7
3.7
3.7
3.7
3.7
3.7
3.7
3.7
3.57
3.57
3.57
3.57
3.57
3.57
3.57
3.57
3.57
3.57
3.57
3.57
3.57
3.57
3.57
3.57
3.57
3.57
3.57
3.57
3.44
3.44
3.44
3.44
3.44
3.44
3.44
3.44
3.44
3.44
3.44
3.44
3.44
3.44
3.44
3.44
3.44
3.44
3.44
3.44
3.2
3.2
3.2
3.2
3.2
3.2
3.2
3.2
3.2
3.2
3.2
3.2
3.2
3.2
3.2
3.2
3.2
3.2
3.2
3.2
2.98
2.98
2.98
2.98
2.98
2.98
2.98
2.98
2.98
2.98
2.98
2.98
2.98
2.98
2.98
2.98
2.98
2.98
2.98
2.98
2.78
2.78
2.78
2.78
2.78
2.78
2.78
2.78
2.78
2.78
2.78
2.78
2.78
2.78
2.78
2.78
2.78
2.78
2.78
2.78
