#Lattice_param_density RunID Fraction-of-void_volume% Fraction-of-1st-largest-void% Surface2volume-of-1st-largest Sn% O%
a13p7_d6p01 run1 3.42334814814816027567 1.3778370370370432 8.776173285198556 70.64254062038405 29.357459379615953
a13p7_d6p01 run10 3.17917037037036971262 2.0393777777777817 10.776162790697674 74.47543816341644 25.52456183658356
a13p7_d6p01 run2 3.45600000000001181572 1.2182222222222283 5.678018575851393 69.35558646267965 30.644413537320354
a13p7_d6p01 run3 3.16405925925927022296 2.0209185185185308 42.89473684210526 72.39808153477219 27.60191846522782
a13p7_d6p01 run4 3.02145185185186094969 2.0116740740740866 5.932075471698113 72.86336418072945 27.13663581927055
a13p7_d6p01 run5 3.10542222222223290313 1.6605333333333439 22.78472222222222 71.21167883211679 28.78832116788321
a13p7_d6p01 run6 3.33345185185184972012 3.186192592592596 15.742705570291777 73.39987325728771 26.600126742712295
a13p7_d6p01 run7 3.23377777777779141701 2.73176296296298 17.115511551155116 69.04718527965021 30.95281472034979
a13p7_d6p01 run8 3.24127407407407590342 2.836770370370376 16.609375 67.34693877551021 32.6530612244898
a13p7_d6p01 run9 3.27294814814815247427 2.5984000000000083 15.238993710691824 75.96824167312161 24.03175832687839
a13p9_d5p75 run1 4.93668148148144617684 4.6690074074073875 12.278026905829597 70.94450073173478 29.055499268265226
a13p9_d5p75 run10 4.21768888888885988667 4.096266666666633 13.657509157509157 72.59777583406223 27.402224165937774
a13p9_d5p75 run2 4.79448888888883791781 4.645599999999978 7.323529411764706 71.56046962270602 28.43953037729397
a13p9_d5p75 run3 4.42254814814811631880 4.358222222222186 11.592814371257486 70.23300047551118 29.766999524488824
a13p9_d5p75 run4 4.35451851851850392777 4.158725925925909 10.503576537911302 67.95174729511255 32.04825270488745
a13p9_d5p75 run5 4.52604444444443124657 4.305481481481463 13.825622775800712 69.02304368698992 30.97695631301008
a13p9_d5p75 run6 5.30361481481472018182 5.207674074074005 10.749700598802395 72.10274182040567 27.89725817959433
a13p9_d5p75 run7 4.25244444444444614072 3.979585185185184 14.18426103646833 69.52344836303881 30.476551636961194
a13p9_d5p75 run8 4.07173333333334661394 3.4229037037037124 13.253608247422681 65.49978301750326 34.500216982496745
a13p9_d5p75 run9 4.57454814814812227646 4.451288888888858 14.090106007067138 71.85341294930336 28.14658705069664
a14p1_d5p51 run1 6.09694814814801972445 6.075911111110987 12.122448979591837 68.72299982719889 31.277000172801106
a14p1_d5p51 run10 6.64868148148135305778 6.5782518518517294 7.684210526315789 68.14814814814815 31.85185185185185
a14p1_d5p51 run2 6.36675555555546387530 6.332681481481397 8.210980392156863 69.36307901907357 30.63692098092643
a14p1_d5p51 run3 6.74954074074063015366 6.73881481481471 7.434156378600823 66.5365536309669 33.4634463690331
a14p1_d5p51 run4 6.92977777777763865210 6.90598518518505 6.809912170639899 71.7085709695558 28.291429030444213
a14p1_d5p51 run5 6.48047407407397347551 6.271733333333235 9.578851412944394 67.74666092201637 32.253339077983625
a14p1_d5p51 run6 6.58127407407393637533 6.498992592592459 6.958894878706199 70.38354076708153 29.616459232918466
a14p1_d5p51 run7 5.82897777777769572930 5.790755555555479 14.142076502732241 66.69072536990257 33.30927463009744
a14p1_d5p51 run8 6.80702222222207132438 6.770399999999854 6.5774735532047295 71.01092223043443 28.989077769565576
a14p1_d5p51 run9 6.72512592592576539630 6.686251851851694 10.504646840148698 71.45973018822198 28.54026981177801
a14p3_d5p28 run1 8.82088888888874739501 8.81057777777768 5.859249329758713 69.63064295485636 30.369357045143637
a14p3_d5p28 run10 9.23463703703686750958 9.21235555555544 4.088917947041517 73.48879038992742 26.51120961007259
a14p3_d5p28 run2 8.30124444444431413700 8.223288888888732 5.891956211327939 68.62569060773481 31.374309392265193
a14p3_d5p28 run3 8.64906666666655418213 8.614162962962826 6.071595694899392 69.17019587083112 30.829804129168874
a14p3_d5p28 run4 8.56059259259252933592 8.553274074073993 5.304531977975434 73.70507222035606 26.29492777964394
a14p3_d5p28 run5 7.72287407407396182388 7.68785185185171 7.161252215002953 69.74741260765724 30.252587392342765
a14p3_d5p28 run6 8.33164444444437808284 8.310192592592506 7.186525612472161 69.49602122015915 30.50397877984085
a14p3_d5p28 run7 8.39780740740733897451 8.375348148148056 6.5331294597349645 66.10960757780785 33.89039242219215
a14p3_d5p28 run8 8.04631111111103679941 8.036474074073977 6.030436917034855 68.4519237483416 31.548076251658404
a14p3_d5p28 run9 8.42305185185176475984 8.409362962962854 5.234500210881484 70.80232715464754 29.197672845352457
a14p5_d5p06 run1 10.35484444444442658575 10.351022222222165 5.200489853044087 65.47598893967609 34.52401106032391
a14p5_d5p06 run10 11.24435555555547828939 11.235170370370271 3.955338266384778 69.17497733454216 30.82502266545784
a14p5_d5p06 run11 10.18420740740735380704 10.174577777777685 5.594513340849304 66.32094825621154 33.67905174378846
a14p5_d5p06 run12 10.06924444444431670015 10.04761481481464 4.761760752688172 66.12235376450691 33.87764623549309
a14p5_d5p06 run13 10.26207407407398974947 10.254103703703585 5.101659751037344 66.02629491102799 33.973705088972004
a14p5_d5p06 run14 10.13884444444437410307 10.123911111111001 5.19437522249911 67.72413793103448 32.275862068965516
a14p5_d5p06 run15 11.28945185185185124441 11.282014814814774 3.3216103655714946 72.16511403790555 27.834885962094443
a14p5_d5p06 run16 10.54506666666660674894 10.512740740740654 4.639619651347068 70.13994267408532 29.860057325914685
a14p5_d5p06 run17 9.76977777777768338185 9.765096296296159 5.965770171149145 68.48601848601848 31.513981513981513
a14p5_d5p06 run18 11.27528888888881708967 11.266637037036924 3.6103414151410194 73.25999463375369 26.74000536624631
a14p5_d5p06 run19 10.74577777777770535897 10.70557037037023 3.5109214160180766 71.50887738631937 28.491122613680638
a14p5_d5p06 run2 12.18038518518509918405 12.161688888888769 2.6359421364985165 73.73629176230554 26.263708237694466
a14p5_d5p06 run20 10.91588148148147115502 10.888651851851803 4.232531500572738 69.83909807355516 30.160901926444833
a14p5_d5p06 run3 11.16844444444434326950 11.152266666666518 3.979356568364611 75.34054810746782 24.65945189253217
a14p5_d5p06 run4 11.13069629629621714707 11.103733333333224 4.027619821283509 70.48526956428071 29.514730435719287
a14p5_d5p06 run5 11.23555555555546844889 11.225451851851728 4.2022784106696305 72.87827805373071 27.121721946269293
a14p5_d5p06 run6 9.95119999999987338554 9.94044444444427 5.5329272934906735 67.09008274093928 32.90991725906071
a14p5_d5p06 run7 10.84385185185178892123 10.821866666666573 4.345657276995305 70.73224283675486 29.267757163245143
a14p5_d5p06 run8 10.50162962962950346467 10.484888888888719 3.848094324102002 66.46682879927606 33.53317120072394
a14p5_d5p06 run9 10.80684444444438886383 10.801066666666571 4.424739195230998 73.24725274725274 26.752747252747252
a14p7_d4p86 run1 13.22586666666659771321 13.16367407407396 2.7862486640541504 66.44712081294693 33.552879187053065
a14p7_d4p86 run10 14.45591111111137376835 14.451555555555784 2.7176128093158662 75.93317671626207 24.06682328373793
a14p7_d4p86 run11 13.24530370370359980821 13.236533333333194 3.0260690172543137 68.73340476079564 31.26659523920436
a14p7_d4p86 run12 13.15917037037021735644 13.152029629629439 2.7163478260869565 69.79269034582806 30.207309654171933
a14p7_d4p86 run13 12.47176296296288732728 12.46639999999987 3.9827213822894167 68.92067620286086 31.079323797139143
a14p7_d4p86 run14 13.11940740740738975786 13.107851851851777 3.0444444444444443 68.72358410819949 31.276415891800507
a14p7_d4p86 run15 13.18802962962954776540 13.17623703703691 2.854643823264202 67.98446710957238 32.01553289042762
a14p7_d4p86 run16 12.73134814814806246307 12.685451851851733 3.8506012950971322 68.71364546581482 31.286354534185183
a14p7_d4p86 run17 12.64586666666660175095 12.614962962962858 3.1329456587126527 69.64727572655379 30.352724273446217
a14p7_d4p86 run18 13.79105185185187519099 13.782992592592556 2.421003427859146 72.0030971032975 27.996902896702498
a14p7_d4p86 run19 12.69919999999988786788 12.6917629629628 3.3098330241187384 68.54163677237288 31.45836322762711
a14p7_d4p86 run2 12.45724444444441728807 12.452829629629555 4.027609590699927 67.2238547136182 32.77614528638181
a14p7_d4p86 run20 12.95214814814807381707 12.942548148148022 3.7887418703745235 71.47005104669132 28.52994895330867
a14p7_d4p86 run3 12.25724444444441097299 12.198162962962876 3.584636301835486 69.51364175563464 30.486358244365363
a14p7_d4p86 run4 12.78613333333329361564 12.780562962962883 3.485897435897436 70.88692007240164 29.11307992759836
a14p7_d4p86 run5 14.09327407407423155065 14.0831703703705 3.0951435277125836 71.45880174580083 28.54119825419918
a14p7_d4p86 run6 13.04471111111106291798 13.037659259259161 3.5088346655448044 69.48448798693725 30.515512013062747
a14p7_d4p86 run7 12.55632592592582763194 12.525422222222065 3.5893451720310767 70.04111245465538 29.95888754534462
a14p7_d4p86 run8 14.57768888888924914861 14.57031111111144 2.6673524291818325 70.52299991369638 29.477000086303615
a14p7_d4p86 run9 12.85973333333325899353 12.851881481481362 3.2798295454545454 71.01607320658101 28.983926793418995
a14p9_d4p67 run1 15.78456296296349553990 15.779496296296811 2.712296296296296 71.76949477212867 28.230505227871337
a14p9_d4p67 run10 15.74882962963008562876 15.745007407407844 2.4585128561501044 65.29496865455714 34.705031345442855
a14p9_d4p67 run11 16.56850370370456791073 16.564859259260107 2.235448742020278 68.05555555555556 31.944444444444443
a14p9_d4p67 run12 15.36536296296355304066 15.360266666667245 2.9801612903225805 69.98014345341817 30.01985654658184
a14p9_d4p67 run13 15.45422222222254704437 15.450874074074392 2.8275220827522083 70.9218996720515 29.0781003279485
a14p9_d4p67 run14 16.00731851851914040885 16.004088888889495 2.80557219892151 71.18397229001023 28.816027709989765
a14p9_d4p67 run15 15.24817777777807710333 15.233511111111403 2.9756336876533114 72.18954382789684 27.810456172103162
a14p9_d4p67 run16 15.27567407407441359046 15.268977777778106 2.8144169391250196 70.37142857142857 29.62857142857143
a14p9_d4p67 run17 16.37691851851894687963 16.371644444444858 2.2660492260847502 71.10282406867887 28.897175931321136
a14p9_d4p67 run18 14.88903703703725134682 14.878992592592791 2.942810188989318 70.59853284428142 29.401467155718574
a14p9_d4p67 run19 15.75416296296332020926 15.733748148148491 2.380718954248366 70.08216529724504 29.917834702754956
a14p9_d4p67 run2 15.66358518518564589968 15.651674074074515 2.639877031181379 70.55984555984556 29.44015444015444
a14p9_d4p67 run20 15.68011851851898930725 15.670014814815271 2.9395613066119615 69.34107750851192 30.658922491488084
a14p9_d4p67 run3 16.38832592592651876006 16.384918518519093 2.3681254082299152 71.31831051468022 28.681689485319783
a14p9_d4p67 run4 14.99555555555604772087 14.986133333333818 3.3407380867072733 70.45810978126289 29.5418902187371
a14p9_d4p67 run5 15.62091851851883816514 15.613333333333635 2.1790947996368826 69.37668271191971 30.62331728808028
a14p9_d4p67 run6 15.06275555555594492799 15.059170370370754 3.0341495918707313 69.96324895734402 30.036751042655986
a14p9_d4p67 run7 16.31650370370409635751 16.295318518518897 2.3111833550065017 70.65153359776932 29.348466402230688
a14p9_d4p67 run8 15.46660740740787970633 15.453688888889356 2.4093624114460344 69.69524119947849 30.304758800521512
a14p9_d4p67 run9 15.21294814814845917924 15.209955555555855 2.8118161925601752 68.05806134164344 31.94193865835657
a15p1_d4p48 run1 17.99608888888977717035 17.99173333333425 2.4289377289377287 66.13609657087918 33.86390342912082
a15p1_d4p48 run10 18.58660740740829231512 18.583940740741657 2.0172922817376633 64.91123846798993 35.08876153201006
a15p1_d4p48 run11 17.93647407407488726229 17.9332444444453 2.381107099879663 71.16062213047657 28.839377869523435
a15p1_d4p48 run12 18.76882962963056619380 18.764296296297292 1.8073886343698216 70.79962501302037 29.200374986979618
a15p1_d4p48 run13 18.21042962963052546613 18.201600000000948 2.0534069981583793 68.76818278578017 31.231817214219827
a15p1_d4p48 run14 17.43804444444518582321 17.434222222222996 2.320271745723644 68.44605210274398 31.55394789725602
a15p1_d4p48 run15 19.51463703703824358983 19.498637037038275 1.705629290617849 71.47738421462161 28.522615785378395
a15p1_d4p48 run16 18.17173333333416225461 18.16408888888976 2.086460390607856 67.65375044436544 32.34624955563456
a15p1_d4p48 run17 18.69508148148249495215 18.68242962963069 1.8694168423165713 70.00839513082413 29.991604869175877
a15p1_d4p48 run18 18.57979259259342274459 18.560237037037915 2.2269814502529512 70.00766443701227 29.992335562987737
a15p1_d4p48 run19 18.27478518518603584829 18.268177777778682 2.2694659130234167 69.72444695339237 30.275553046607627
a15p1_d4p48 run2 18.22761481481591149309 18.21762962963078 2.4294153104279688 71.72285302492354 28.27714697507646
a15p1_d4p48 run20 17.65517037037111973480 17.65105185185265 1.9748585111014367 68.78864376394834 31.21135623605166
a15p1_d4p48 run3 18.04951111111203360715 18.04672592592689 2.415080615832222 68.46047353661567 31.53952646338433
a15p1_d4p48 run4 18.26450370370467581612 18.258133333334335 2.251925951477521 68.24482002687222 31.755179973127785
a15p1_d4p48 run5 17.88871111111212362751 17.879318518519565 2.2122505479294037 67.74158796279671 32.25841203720329
a15p1_d4p48 run6 18.22826666666746558150 18.2258666666675 2.093576180608572 71.81032963158823 28.189670368411775
a15p1_d4p48 run7 18.81182222222333327564 18.806755555556716 2.0147258485639687 73.40469756807316 26.595302431926836
a15p1_d4p48 run8 17.12441481481550183251 17.12177777777851 2.574877952236443 68.27710932309736 31.722890676902637
a15p1_d4p48 run9 18.56509629629731222606 18.56325925926031 1.9602490918526208 69.49723020826029 30.50276979173971
a15p3_d4p31 run1 21.04397037037205266540 21.042014814816483 1.9142545057345712 72.58245877061469 27.417541229385307
a15p3_d4p31 run10 22.22610370370528804538 22.22180740740897 1.381742140178829 73.30003027550711 26.699969724492885
a15p3_d4p31 run11 19.65742222222327936543 19.651318518519556 2.0882502284959887 69.29957250904307 30.700427490956923
a15p3_d4p31 run12 21.21128888889026402394 21.20865185185321 1.5989921976592978 68.869222590531 31.130777409469008
a15p3_d4p31 run13 20.34118518518663866815 20.338725925927363 1.7122736418511066 69.17494516836537 30.825054831634628
a15p3_d4p31 run14 20.85357037037164506096 20.83780740740866 1.7757437070938216 70.47688502758577 29.52311497241423
a15p3_d4p31 run15 20.47143703703846257388 20.468740740742156 2.003832886163281 70.74773510271788 29.252264897282124
a15p3_d4p31 run16 20.75872592592740166381 20.756592592594053 1.6770682765070997 72.91408607273304 27.08591392726695
a15p3_d4p31 run17 20.57407407407566711483 20.57223703703862 1.9392466585662211 69.98759818106656 30.012401818933444
a15p3_d4p31 run18 20.23502222222371481486 20.223644444445924 1.9803395032128128 71.28974127944394 28.710258720556055
a15p3_d4p31 run19 21.09576296296460615895 21.093362962964594 1.6267978178211275 68.86937914975299 31.13062085024702
a15p3_d4p31 run2 20.39931851852004737591 20.393511111112623 1.7976790212306586 69.32698800604521 30.67301199395479
a15p3_d4p31 run20 21.16462222222365599979 21.14968888889031 1.4871494414498867 73.34631572334946 26.653684276650544
a15p3_d4p31 run3 20.81543703703855743690 20.810666666668176 1.9575520104487358 71.86612831997981 28.13387168002019
a15p3_d4p31 run4 20.38080000000147581175 20.373718518519976 1.8675600739371534 69.56844039062752 30.43155960937248
a15p3_d4p31 run5 20.15324444444587562761 20.15134814814957 1.9712202609363008 68.48443755650264 31.515562443497352
a15p3_d4p31 run6 19.79659259259390099455 19.79336296296425 2.162501296277092 69.72061909758656 30.279380902413433
a15p3_d4p31 run7 19.23937777777877636930 19.236651851852837 2.042211774325429 67.50209978162272 32.49790021837729
a15p3_d4p31 run8 20.66497777777927307845 20.662844444445923 1.6857460643394935 71.57784078238986 28.422159217610144
a15p3_d4p31 run9 21.96731851852025647441 21.95825185185357 1.419271219078655 72.57002908311648 27.429970916883516
a15p5_d4p15 run1 23.34367407407578664697 23.341600000001677 1.4478211817797209 71.40141149359067 28.59858850640933
a15p5_d4p15 run10 23.42663703703881574972 23.42334814814989 1.5475113122171946 72.13946026471093 27.860539735289063
a15p5_d4p15 run11 22.99413333333490248732 22.989837037038573 1.5058737686975556 70.72765920274874 29.27234079725126
a15p5_d4p15 run12 22.68509629629796649994 22.681659259260904 1.694234404536862 70.51102145822371 29.488978541776298
a15p5_d4p15 run13 23.24755555555740727065 23.241362962964782 1.465636350687273 67.14904679376083 32.85095320623917
a15p5_d4p15 run14 23.92820740740896512369 23.91591111111265 1.3321237711948275 72.52744143940251 27.472558560597488
a15p5_d4p15 run15 23.87860740740895975294 23.875792592594117 1.396914540902632 69.58276874435411 30.41723125564589
a15p5_d4p15 run16 23.71706666666820180591 23.703466666668163 1.3672864457019671 71.68753557199773 28.312464428002276
a15p5_d4p15 run17 23.18631111111321405793 23.184148148150225 1.5731987831119685 71.94267424089507 28.057325759104934
a15p5_d4p15 run18 24.40583703703871370548 24.40462222222388 1.249592374263138 74.542818911686 25.457181088314005
a15p5_d4p15 run19 23.44420740740917189755 23.437185185186923 1.5011456394099958 69.52563625432997 30.474363745670036
a15p5_d4p15 run2 24.38512592592803732670 24.37608888889097 1.1687720150613385 74.51205510907003 25.487944890929967
a15p5_d4p15 run20 23.88100740740921486354 23.8733333333351 1.1988607911867801 72.42164593355916 27.57835406644083
a15p5_d4p15 run3 22.35789629629808734181 22.354874074075838 1.7877665267144152 69.63647639016035 30.36352360983965
a15p5_d4p15 run4 24.04094814815024940418 24.033007407409464 1.3199475925319357 68.4136217315186 31.58637826848139
a15p5_d4p15 run5 25.15745185185399348796 25.149511111113213 1.2191946715107478 71.40245566166439 28.597544338335606
a15p5_d4p15 run6 24.27481481481650699875 24.27096296296462 1.1380743060155356 70.92404314642184 29.075956853578166
a15p5_d4p15 run7 23.69321481481630022490 23.69037037037183 1.3275496688741721 72.32971035110681 27.67028964889319
a15p5_d4p15 run8 22.92325925926098217582 22.918222222223914 1.7026390197926484 71.06364428945074 28.936355710549257
a15p5_d4p15 run9 24.43330370370556208250 24.424325925927747 1.1958775535243236 75.46584718536108 24.534152814638915
a15p7_d3p99 run1 25.20912592592809932565 25.20527407407621 1.2742261722341404 70.71205260888314 29.287947391116862
a15p7_d3p99 run10 24.50554074074286286525 24.500029629631726 1.6871057649992665 71.05852167267169 28.941478327328312
a15p7_d3p99 run11 25.34631111111353469941 25.342548148150545 1.301282841988405 70.77962104360411 29.220378956395894
a15p7_d3p99 run12 25.88951111111353733961 25.88228148148389 1.324703146039907 71.16452963323768 28.83547036676233
a15p7_d3p99 run13 26.70400000000218111498 26.69994074074298 1.1149005720512122 73.0157912362503 26.98420876374971
a15p7_d3p99 run14 25.81940740740972433288 25.817925925928215 1.289833172147002 69.42164031359712 30.578359686402873
a15p7_d3p99 run15 25.66844444444692405381 25.666459259261718 1.2846498667312818 71.79371602810552 28.20628397189447
a15p7_d3p99 run16 25.66352592592815363768 25.659318518520724 1.2990927357973574 68.75099316701096 31.249006832989036
a15p7_d3p99 run17 25.25040000000219130093 25.2391407407429 1.4147271786914921 71.07975690075233 28.920243099247678
a15p7_d3p99 run18 25.84983703703865981305 25.845333333334924 1.2109502685033855 72.07613918369502 27.92386081630498
a15p7_d3p99 run19 25.67333333333578480576 25.671318518520945 1.3528205765407555 69.88724881835705 30.112751181642945
a15p7_d3p99 run2 26.00651851852077574305 26.004029629631855 1.1898683226956472 70.51255120260477 29.48744879739523
a15p7_d3p99 run20 26.05706666666918708678 26.05496296296546 1.4183480453972257 70.56446356407248 29.43553643592752
a15p7_d3p99 run3 25.53914074074268984068 25.535762962964892 1.2646632874728458 70.94324540367705 29.056754596322943
a15p7_d3p99 run4 25.52989629629870908884 25.52367407407646 1.3100288999569576 71.15097955706985 28.849020442930154
a15p7_d3p99 run5 26.45360000000181673794 26.45125925926105 1.133681230222617 70.50007805588801 29.499921944111986
a15p7_d3p99 run6 25.54758518518733210944 25.543318518520632 1.1937880205896116 70.25729902679643 29.742700973203572
a15p7_d3p99 run7 26.68562962963142667620 26.679881481483353 1.1369802580787471 73.26331544178365 26.73668455821635
a15p7_d3p99 run8 25.31152592592845851929 25.309866666669173 1.3795583274995227 68.81786573950254 31.18213426049746
a15p7_d3p99 run9 26.06278518518767067335 26.053659259261714 1.1259794045220506 72.07992207860583 27.92007792139416
a15p9_d3p84 run1 28.69602962963186861438 28.69111111111343 1.0067626739320814 69.23412611826315 30.765873881736855
a15p9_d3p84 run10 29.11988148148370305191 29.112059259261603 0.9064177255837423 77.60960585206217 22.390394147937823
a15p9_d3p84 run11 28.00805925926143604999 28.00020740740969 1.1609201508792435 72.10325752919483 27.89674247080516
a15p9_d3p84 run12 29.08364444444664611278 29.077185185187478 0.9957420342550952 71.787126932758 28.212873067242
a15p9_d3p84 run13 29.30696296296502780445 29.304355555557667 0.9141384187234819 73.24816474401754 26.751835255982456
a15p9_d3p84 run14 28.59964444444664113726 28.597866666668914 1.1188524590163935 73.0536750483559 26.9463249516441
a15p9_d3p84 run15 29.36189629629822928646 29.351911111113118 0.9119683031241461 71.61470118857633 28.38529881142367
a15p9_d3p84 run16 28.48826666666902257618 28.486429629632052 1.0357867643419294 74.77205864475188 25.22794135524812
a15p9_d3p84 run17 29.09487407407621354839 29.08761481481705 0.9262325409305338 74.57562006290667 25.424379937093327
a15p9_d3p84 run18 29.66962962963126408850 29.66521481481652 0.8207877556314583 75.8031961627051 24.196803837294897
a15p9_d3p84 run19 28.51635555555716016129 28.512325925927623 0.9722596153846154 72.21802403529728 27.781975964702728
a15p9_d3p84 run2 29.12533333333550266078 29.115851851854096 0.9141741327819894 69.91022994575393 30.089770054246074
a15p9_d3p84 run20 28.56761481481727023476 28.554814814817355 1.1044166453918816 70.82130292369283 29.17869707630717
a15p9_d3p84 run3 27.51721481481726525924 27.502637037039587 1.2080281922801608 67.60598503740648 32.394014962593516
a15p9_d3p84 run4 28.55327407407661159012 28.55072592592855 1.025838399686213 74.91710835208984 25.082891647910163
a15p9_d3p84 run5 29.18989629629873430191 29.18474074074326 0.9772083805209513 75.40870146297225 24.591298537027757
a15p9_d3p84 run6 28.35392592592809774113 28.349422222224476 1.0615314952706782 69.34716290420988 30.652837095790115
a15p9_d3p84 run7 28.46888888889114528796 28.462488888891215 1.1122391426959954 70.96735040660275 29.032649593397256
a15p9_d3p84 run8 28.49137777777987744792 28.489718518520707 1.105354322685822 70.3649034506122 29.635096549387793
a15p9_d3p84 run9 28.15582222222450598667 28.149066666669036 1.0984104120582334 75.0140962467211 24.985903753278908
a16p1_d3p70 run1 30.09899259259437356387 30.09407407407587 1.0118488917801218 72.06503914820888 27.934960851791118
a16p1_d3p70 run10 30.50482962963216938786 30.50382222222478 1.0330923248053392 71.96461952309306 28.035380476906944
a16p1_d3p70 run11 30.81768888889133494301 30.81478518518763 0.9185020101380877 72.76723686308453 27.232763136915473
a16p1_d3p70 run12 31.23845925926093851852 31.236711111112808 0.8438214865033482 69.99616521170287 30.00383478829713
a16p1_d3p70 run13 30.33872592592881947352 30.337540740743655 1.0042320253921524 73.06173972917145 26.93826027082855
a16p1_d3p70 run14 30.83238518518725893789 30.827674074076164 0.9691854233654876 75.69283802784959 24.307161972150407
a16p1_d3p70 run15 29.84112592592808156433 29.838696296298465 1.0405648753672638 70.65954482117975 29.34045517882025
a16p1_d3p70 run16 30.48506666666875044238 30.478577777779886 0.9597146830559419 68.49418551414706 31.505814485852945
a16p1_d3p70 run17 30.14133333333554818347 30.139496296298546 1.0164041383167117 72.09947305167792 27.900526948322085
a16p1_d3p70 run18 30.60177777778019007064 30.59851851852094 1.0030159020288796 74.16160970935803 25.838390290641968
a16p1_d3p70 run19 30.87922962963162296542 30.87371851852053 0.9078404998481364 71.03252217420969 28.96747782579031
a16p1_d3p70 run2 30.34835555555722215964 30.345688888890567 0.961775696726847 70.26599040690336 29.734009593096644
a16p1_d3p70 run20 30.90711111111341390452 30.90385185185418 0.898333548637127 68.54712487240558 31.45287512759442
a16p1_d3p70 run3 30.54666666666899244343 30.544888888891233 0.9350718467269824 74.25513384671801 25.744866153281993
a16p1_d3p70 run4 30.46050370370593054709 30.454874074076326 1.0275676428273077 69.69877311847647 30.30122688152353
a16p1_d3p70 run5 30.90485925926135553660 30.903792592594705 0.9599680808618167 72.34624867114519 27.65375132885481
a16p1_d3p70 run6 31.06491851852072480503 31.060681481483716 0.9001932574618854 76.59223432626678 23.40776567373322
a16p1_d3p70 run7 30.28560000000225954456 30.28397037037265 0.9196527439429508 72.02814951545916 27.97185048454084
a16p1_d3p70 run8 30.63469629629857883169 30.6330074074097 1.0290872154762454 69.5526531355238 30.4473468644762
a16p1_d3p70 run9 30.77878518518722780019 30.77282962963169 0.9169433764418036 74.52991452991454 25.47008547008547
a16p3_d3p57 run1 32.69884444444691874173 32.696177777780285 0.935674461179995 68.31821503804652 31.681784961953486
a16p3_d3p57 run10 32.05072592592806737498 32.047614814817 0.970724787206603 70.84396745413694 29.156032545863056
a16p3_d3p57 run11 32.85271111111334834383 32.84995555555783 0.836549465293398 69.79372582724538 30.20627417275462
a16p3_d3p57 run12 32.93149629629901030930 32.92921481481758 0.8947347104090725 72.24086701866142 27.759132981338578
a16p3_d3p57 run13 32.81321481481762845994 32.81025185185474 0.9275745313403254 70.75103894434686 29.248961055653144
a16p3_d3p57 run14 32.52936296296491113426 32.52308148148348 0.8694842522872642 71.9770463404071 28.022953659592897
a16p3_d3p57 run15 33.64515555555731609350 33.63682962963144 0.7619296347423796 70.76336686077289 29.236633139227106
a16p3_d3p57 run16 33.02640000000200889130 33.02488888889094 0.8924522973899713 70.45958390177353 29.540416098226466
a16p3_d3p57 run17 33.34127407407614667862 33.34053333333543 0.8550411077455647 73.76847551795068 26.231524482049323
a16p3_d3p57 run18 33.52305185185424131218 33.51078518518763 0.7885293782953382 73.29855146232318 26.701448537676825
a16p3_d3p57 run19 32.46414814814989192395 32.46213333333513 0.9346998535871157 72.25021081536899 27.74978918463102
a16p3_d3p57 run2 33.48571851852050697027 33.47505185185391 0.7763326547538264 76.88193722277637 23.118062777223624
a16p3_d3p57 run20 33.39786666666843387526 33.39685925926108 0.8082758620689655 71.59293160437325 28.407068395626748
a16p3_d3p57 run3 33.21976296296550225630 33.21875555555815 0.8415899745447425 74.01382243487507 25.986177565124933
a16p3_d3p57 run4 31.81653333333575939670 31.815496296298754 1.0791111918934884 67.16861545186319 32.83138454813682
a16p3_d3p57 run5 34.71460740740970553117 34.71063703703941 0.7096511997738276 76.85724916284262 23.142750837157386
a16p3_d3p57 run6 33.34420740740957160508 33.33840000000223 0.8165947279173732 73.1102955215648 26.8897044784352
a16p3_d3p57 run7 33.44965925926138146606 33.447259259261415 0.7458356520126136 74.46609575214093 25.53390424785907
a16p3_d3p57 run8 32.68752592592814357430 32.68560000000226 0.8775518470511989 69.49711992751278 30.50288007248722
a16p3_d3p57 run9 32.78299259259462628502 32.77084444444653 0.8570971099191418 74.80924257447084 25.190757425529164
a16p5_d3p44 run1 35.83786666666886829729 35.836325925928165 0.7459278852847 74.75480424208595 25.245195757914043
a16p5_d3p44 run10 36.20927407407599298772 36.208414814816756 0.6890539771776596 77.51515631810437 22.48484368189563
a16p5_d3p44 run11 35.48776296296536939644 35.48574814815059 0.7855556351651501 72.00955017856427 27.990449821435735
a16p5_d3p44 run12 35.01659259259493669477 35.014755555557926 0.783942345996451 73.81648396264718 26.18351603735282
a16p5_d3p44 run13 35.99662222222427025071 35.92598518518728 0.6309963099630996 72.59239979177512 27.40760020822488
a16p5_d3p44 run14 35.94903703703921863260 35.945244444446665 0.6933170995670995 71.16321802348806 28.836781976511944
a16p5_d3p44 run15 35.90408888889119292094 35.89194074074309 0.6450729324797043 72.45280747858533 27.547192521414672
a16p5_d3p44 run16 36.02420740740972257005 36.014370370372724 0.6683545990605324 72.6052836518301 27.39471634816989
a16p5_d3p44 run17 36.09834074074248824331 36.091970370372145 0.6505039230491448 77.70108998329222 22.298910016707772
a16p5_d3p44 run18 35.52257777778000389570 35.517718518520766 0.7120283668410906 73.32649655144678 26.673503448553216
a16p5_d3p44 run19 36.02628148148348053538 36.0246518518539 0.662127687771262 75.73552862382395 24.264471376176047
a16p5_d3p44 run2 34.83072592592905807385 34.82948148148464 0.8480979383379023 72.36908946822994 27.63091053177006
a16p5_d3p44 run20 35.14939259259480757993 35.14788148148373 0.7756562387630349 72.44081731840181 27.559182681598184
a16p5_d3p44 run3 36.63555555555801096363 36.626459259261765 0.6420144163946084 73.62546506821 26.374534931789995
a16p5_d3p44 run4 36.80260740740917271892 36.79659259259439 0.6179971433105856 74.60912211868563 25.39087788131437
a16p5_d3p44 run5 34.63614814815058574727 34.63351111111358 0.8888674884437596 72.59916386254716 27.40083613745284
a16p5_d3p44 run6 35.50385185185448312324 35.50106666666934 0.7270201757127479 73.38990207709168 26.61009792290833
a16p5_d3p44 run7 35.36204444444691543534 35.36050370370621 0.7907320591417237 68.74156715065348 31.258432849346516
a16p5_d3p44 run8 36.07733333333588223836 36.06219259259518 0.6950553157042634 72.57586309819918 27.424136901800814
a16p5_d3p44 run9 35.35152592592862620697 35.34983703703977 0.7827603567318757 72.13716591023702 27.862834089762984
a16p9_d3p20 run1 39.17413333333616664221 39.17300740741022 0.682261208576998 70.1631444389266 29.836855561073406
a16p9_d3p20 run10 39.97905185185425608907 39.976414814817176 0.5922565732447269 70.07693982724831 29.923060172751686
a16p9_d3p20 run11 39.48284444444702690387 39.480000000002526 0.6467571644042233 73.07015936984796 26.929840630152043
a16p9_d3p20 run12 39.66180740740916818167 39.66065185185358 0.6276826263765621 73.21965897693079 26.78034102306921
a16p9_d3p20 run13 39.38675555555843195509 39.38364444444728 0.639061089377069 70.94150479198032 29.058495208019682
a16p9_d3p20 run14 40.27028148148398460976 40.26764444444691 0.6067858488105932 73.52988909926968 26.470110900730322
a16p9_d3p20 run15 39.66311111111325094137 39.66082962963174 0.6335603199619376 71.32065167925731 28.679348320742697
a16p9_d3p20 run16 40.20352592592868087457 40.198103703706416 0.5878631003738856 68.04202137293969 31.957978627060314
a16p9_d3p20 run17 39.79090370370599080902 39.787733333335574 0.6068586142322098 72.34503605506592 27.65496394493408
a16p9_d3p20 run18 39.23629629629876368348 39.2349629629654 0.6555018101061726 70.73394832592157 29.26605167407843
a16p9_d3p20 run19 39.37469629629832864211 39.372977777779774 0.6418853840597158 68.54078826764436 31.459211732355637
a16p9_d3p20 run2 39.59265185185396389056 39.58343703703912 0.5998770563784321 73.27417436648065 26.72582563351935
a16p9_d3p20 run20 39.84645925926145199581 39.84417777777993 0.6004252344614668 71.13869224189703 28.861307758102967
a16p9_d3p20 run3 39.36251851852118850414 39.351970370372996 0.657623407037927 69.44643217555641 30.553567824443586
a16p9_d3p20 run4 40.18654814815032046773 40.1666666666688 0.5959814975426424 75.55656190562449 24.44343809437551
a16p9_d3p20 run5 39.77490370370588928936 39.77309629629845 0.6187080042437817 72.2936314313804 27.7063685686196
a16p9_d3p20 run6 39.58450370370626216709 39.58041481481733 0.5859154929577465 73.8898756660746 26.1101243339254
a16p9_d3p20 run7 38.47398518518777280683 38.47253333333588 0.7105826017557861 70.5229172887429 29.47708271125709
a16p9_d3p20 run8 39.12708148148389114362 39.12533333333569 0.6548907245404945 74.52847565018787 25.471524349812128
a16p9_d3p20 run9 39.88702222222433907930 39.88234074074282 0.6162971663485538 72.16539796159367 27.834602038406338
a17p3_d2p98 run1 43.12865185185408103056 43.12429629629843 0.5166825058433719 73.1223221392403 26.877677860759707
a17p3_d2p98 run10 43.15605925926158128069 43.152414814817085 0.5776669245338384 70.00946873626188 29.99053126373812
a17p3_d2p98 run11 43.13967407407720755312 43.12056296296602 0.571284259776165 71.11171265670733 28.888287343292674
a17p3_d2p98 run12 43.98411851852045139119 43.981540740742595 0.5002880400751409 72.2616404280539 27.73835957194611
a17p3_d2p98 run13 43.45229629629896468804 43.45122962963225 0.5390695866269276 72.12090595268165 27.879094047318347
a17p3_d2p98 run14 43.75066666666926876253 43.738222222224714 0.4894378535315613 72.13530726444739 27.864692735552605
a17p3_d2p98 run15 43.67822222222517884267 43.663200000002895 0.547216249125625 71.26973761323488 28.730262386765123
a17p3_d2p98 run16 43.40133333333591360799 43.398577777780304 0.5829764596355899 73.80696330151902 26.193036698480977
a17p3_d2p98 run17 43.92121481481710106573 43.91727407407631 0.5010541110330288 73.51190476190476 26.488095238095237
a17p3_d2p98 run18 43.43229629629878507606 43.42962962963202 0.5067323814846807 76.45174344101976 23.54825655898024
a17p3_d2p98 run19 43.94423703703925804669 43.942577777779924 0.5043001559120857 74.57706452691407 25.422935473085925
a17p3_d2p98 run2 43.35277037037259986345 43.34802962963179 0.5283914928763164 70.02161577951905 29.97838422048095
a17p3_d2p98 run20 42.77460740741036198490 42.77265185185474 0.5968526621911777 69.15731962623185 30.842680373768147
a17p3_d2p98 run3 43.26785185185349580368 43.264859259260824 0.4966697900574873 76.45814649994078 23.541853500059222
a17p3_d2p98 run4 43.60482962963218275451 43.57863703703952 0.5449780752964376 67.82937274330338 32.17062725669662
a17p3_d2p98 run5 42.77745185185457166209 42.77656296296563 0.5885947597544818 72.48046841755885 27.51953158244115
a17p3_d2p98 run6 43.95822222222450860906 43.955644444446655 0.48771134739410843 75.27826596367898 24.72173403632103
a17p3_d2p98 run7 43.06699259259449617138 43.06521481481663 0.5304819495990242 70.44988214546133 29.550117854538673
a17p3_d2p98 run8 43.67339259259475871829 43.656533333335425 0.5262996001230391 72.1584038694075 27.841596130592503
a17p3_d2p98 run9 43.15819259259436095904 43.156266666668365 0.538281432919691 72.6010485371216 27.398951462878404
a17p7_d2p78 run1 47.48260740741001279524 47.480177777780355 0.45092177379172893 73.95260989010988 26.04739010989011
a17p7_d2p78 run10 47.23925925926177443567 47.237985185187625 0.437605567191406 77.04671491681549 22.95328508318451
a17p7_d2p78 run11 47.07354074074346868265 47.066103703706375 0.4371497016814319 75.88023462439654 24.119765375603468
a17p7_d2p78 run12 47.74805925926124073561 47.744325925927825 0.3971461510016749 71.72549080661986 28.274509193380144
a17p7_d2p78 run13 47.08480000000297139629 47.083881481484404 0.4692752888007563 71.09116303887258 28.908836961127413
a17p7_d2p78 run14 46.92302222222460389365 46.918400000002315 0.4869266537374115 69.29725312716073 30.702746872839274
a17p7_d2p78 run15 47.70287407407622866394 47.70044444444651 0.3820791311093871 73.42595191318178 26.574048086818223
a17p7_d2p78 run16 47.06509629629845077115 47.063022222224305 0.4532618613138686 73.54616942129303 26.453830578706974
a17p7_d2p78 run17 47.70056296296545117230 47.699644444446896 0.4506953366240674 75.55583176669826 24.444168233301742
a17p7_d2p78 run18 47.87262222222458963809 47.870992592594895 0.4131455399061033 74.0661967895178 25.933803210482193
a17p7_d2p78 run19 46.96764444444674316979 46.9657481481504 0.4640622124056691 69.25385800044002 30.746141999559985
a17p7_d2p78 run2 47.46877037037332380240 47.4662222222251 0.45053527374782154 74.98166612055111 25.018333879448893
a17p7_d2p78 run20 46.81102222222511602506 46.80669629629913 0.5101071284353548 71.52137666341586 28.47862333658414
a17p7_d2p78 run3 47.19706666666939823756 47.196088888891566 0.44590215938186845 69.527675045446 30.472324954554
a17p7_d2p78 run4 47.34619259259426021344 47.344948148149726 0.40835558694356777 75.14338546400477 24.856614535995234
a17p7_d2p78 run5 47.03200000000289384269 47.0288000000028 0.4618689827899175 74.47738203765994 25.52261796234007
a17p7_d2p78 run6 47.09010370370574998203 47.086340740742735 0.44864127345082433 71.18862237850057 28.811377621499435
a17p7_d2p78 run7 47.01416296296516251240 47.012355555557704 0.45189125025680826 72.49500809710234 27.50499190289766
a17p7_d2p78 run8 47.65765925926152204202 47.641748148150356 0.40949346225689487 73.92226258594614 26.077737414053853
a17p7_d2p78 run9 47.62026666666832351684 47.61345185185343 0.41129351701069494 77.70379841576748 22.29620158423252
a18p1_d2p60 run1 50.44074074074287546766 50.43908148148358 0.42035027443750783 72.9760025959085 27.023997404091507
a18p1_d2p60 run10 50.63013333333545238143 50.62820740740946 0.37797721781152915 70.2802664151833 29.71973358481669
a18p1_d2p60 run11 50.83232592592876625393 50.81419259259535 0.36993893468227895 77.15336520779698 22.846634792203016
a18p1_d2p60 run12 50.71774814815072505940 50.70844444444694 0.40585825989822516 73.29684235307967 26.70315764692034
a18p1_d2p60 run13 50.38740740741005369799 50.374874074076665 0.4142047711639382 72.26197516262566 27.738024837374336
a18p1_d2p60 run14 51.03487407407661446431 51.023318518521016 0.38205704337968865 76.26510435737825 23.73489564262175
a18p1_d2p60 run15 50.12109629629900357499 50.118192592595264 0.43077934192673 76.78515862314224 23.214841376857766
a18p1_d2p60 run16 49.89087407407614602699 49.887644444446444 0.40641240569991616 72.3440712816998 27.655928718300206
a18p1_d2p60 run17 50.21398518518697521055 50.21274074074246 0.3980562405454131 74.27296712418106 25.72703287581893
a18p1_d2p60 run18 50.86500740741007040104 50.86275555555815 0.3652781122080424 79.57671957671958 20.423280423280424
a18p1_d2p60 run19 50.16361481481826941054 50.16192592592935 0.42311013754028265 74.48235032931251 25.517649670687486
a18p1_d2p60 run2 50.90690370370633357952 50.90450370370623 0.3544382000079716 72.84257610758796 27.157423892412048
a18p1_d2p60 run20 50.34219259259541509749 50.341659259262045 0.41862268421493837 71.55013221846332 28.44986778153669
a18p1_d2p60 run3 50.80500740740981239989 50.8032888888912 0.39984791187109503 70.3645519813246 29.635448018675397
a18p1_d2p60 run4 49.72438518518788603941 49.72376296296564 0.41540964211771664 73.61523650312701 26.384763496872996
a18p1_d2p60 run5 50.80675555555770452478 50.78429629629834 0.36548590728157293 74.4869114572598 25.513088542740203
a18p1_d2p60 run6 50.31979259259543534201 50.316474074076844 0.4232508254295388 76.38340943008703 23.61659056991297
a18p1_d2p60 run7 50.02165925926218361926 50.0195259259288 0.4413344460850399 72.73550590156633 27.264494098433673
a18p1_d2p60 run8 50.47534814815098484896 50.470488888891666 0.4058401129005479 68.10552266788704 31.894477332112963
a18p1_d2p60 run9 49.90189629629879284714 49.89988148148391 0.44841910419491615 74.33538895906085 25.66461104093915
