a13p10_d6p61 run1 1.61463703703703364321 0.7790518518518522 83.80952380952381 0.16844469399213924 68.33239752947782 31.49915777653004
a13p10_d6p61 run10 2.00776296296296279821 1.517155555555567 10.992125984251969 1.8056467498358504 63.066316480630334 35.128036769533814
a13p10_d6p61 run2 1.67140740740740076802 0.9606222222222237 34.01724137931034 7.533234859675037 59.18266863613983 33.28409650418513
a13p10_d6p61 run3 1.70394074074073647374 0.6634370370370396 56.26923076923077 4.3653458697112155 62.390866353257216 33.243787777031564
a13p10_d6p61 run4 1.65099259259258277356 0.798666666666667 32.98 0.4120070629782225 64.68510888758092 34.90288404944085
a13p10_d6p61 run5 2.02977777777778034785 0.8750814814814865 12.84873949579832 0.0 78.3373786407767 21.6626213592233
a13p10_d6p61 run6 2.10278518518518200553 1.95878518518519 16.308695652173913 0.5023863350916855 71.53981411705601 27.9577995478523
a13p10_d6p61 run7 2.56554074074074981840 1.9249185185185338 3.959881129271917 5.032953864589574 62.04313960455362 32.9239065308568
a13p10_d6p61 run8 1.83555555555555446821 1.159377777777782 14.452702702702704 0.0 61.74027109750765 38.25972890249235
a13p10_d6p61 run9 1.90527407407407306910 0.9774518518518549 38.15686274509804 3.7055583375062593 65.14772158237356 31.14672008012018
a13p5_d6p04 run1 4.25919999999999512269 3.9530370370370176 11.062600321027288 1.6367265469061876 62.42182302062542 35.94145043246839
a13p5_d6p04 run10 3.94014814814818066351 3.577333333333349 8.16551724137931 5.748683220466516 59.894657637321295 34.35665914221219
a13p5_d6p04 run2 3.77342222222225351826 3.18640000000001 13.53755868544601 2.4220894558372357 61.37574681091555 36.20216373324722
a13p5_d6p04 run3 4.60032592592591982929 4.544059259259233 8.988179669030734 0.5680473372781065 63.94082840236686 35.49112426035503
a13p5_d6p04 run4 4.27466666666665244119 4.200562962962932 12.747457627118644 0.4191838244359512 61.18850943163605 38.392306743927996
a13p5_d6p04 run5 4.64017777777775461057 4.5706962962962585 8.706955530216648 1.9851991072477388 58.56924703394808 39.44555385880418
a13p5_d6p04 run6 4.81229629629626459381 4.7530666666666175 8.113684210526316 3.6844536844536844 52.875952875952876 43.43959343959344
a13p5_d6p04 run7 3.95911111111113265254 3.8619555555555602 14.304259634888439 1.3518886679920477 55.54671968190855 43.1013916500994
a13p5_d6p04 run8 4.21502222222225229893 3.9416888888889026 16.67579908675799 2.5316455696202533 56.910359080340996 40.55799535003875
a13p5_d6p04 run9 4.62367407407411512472 3.024088888888906 6.363877822045152 2.019837691614067 68.16952209197476 29.81064021641118
a13p9_d5p53 run1 8.42379259259244777460 8.392207407407286 5.352448169386855 3.874730921463787 57.183528921602665 38.94174015693355
a13p9_d5p53 run10 8.71042962962947908843 8.692829629629506 4.144510698000701 1.1181564055362379 54.92602440853617 43.955819185927595
a13p9_d5p53 run11 8.16041481481465799877 8.107288888888757 3.908410548823949 1.9240543091555944 55.93552602918754 42.140419661656864
a13p9_d5p53 run12 8.16788148148131771483 8.130962962962826 3.7910034602076124 0.5416726852520584 58.28398093312148 41.174346381626464
a13p9_d5p53 run13 7.99202962962943738482 7.9810666666665 6.167781780751415 0.7898326990737417 60.86737990952825 38.342787391398005
a13p9_d5p53 run14 9.08308148148128680948 9.058044444444265 4.458467023172905 1.9855006204689438 59.2776435242636 38.73685585526746
a13p9_d5p53 run15 7.47854814814797929266 7.455259259259127 5.147817925856406 1.503702007480345 57.346767422334175 41.14953057018548
a13p9_d5p53 run16 8.45202962962949696140 8.436444444444332 5.587272727272727 1.2282638697212256 59.998619928236266 38.77311620204251
a13p9_d5p53 run17 8.00805925925907472355 7.957599999999842 5.483130271790065 1.6696783520057825 58.344777737621975 39.98554391037224
a13p9_d5p53 run18 8.00737777777762780200 7.940414814814697 4.328988941548183 1.4007263025272363 60.4461572667309 38.15311643074187
a13p9_d5p53 run19 8.18554074074054622044 7.9567407407405755 4.581069958847737 1.1797669960182864 57.52101459961658 41.299218404365135
a13p9_d5p53 run2 7.87819259259245857286 7.858014814814714 4.350137849547066 2.8857479387514724 56.99352179034158 40.12073027090695
a13p9_d5p53 run20 8.45342222222206239976 8.444207407407271 5.271084337349397 0.41169205434335115 61.17743927542198 38.41086867023466
a13p9_d5p53 run3 7.90062222222212532753 7.895555555555478 6.055273833671399 0.8265650830158844 55.91892474663983 43.25451017034428
a13p9_d5p53 run4 7.75754074074059350935 7.651318518518394 5.807106598984771 1.1782252050708426 59.76882923191648 39.05294556301268
a13p9_d5p53 run5 7.95902222222206724036 7.932681481481347 5.569928400954654 1.3731473408892765 60.93432141819238 37.692531240918335
a13p9_d5p53 run6 8.03084444444428640101 8.020355555555424 4.94883920894239 0.7443810074438101 61.740261617402616 37.51535737515357
a13p9_d5p53 run7 7.05475555555545890910 6.906607407407337 7.845390070921986 1.9082745349583066 60.784156510583706 37.307568954457984
a13p9_d5p53 run8 8.57514074074055068868 8.490429629629471 3.6525285481239806 0.9186535764375876 64.93688639551192 34.14446002805049
a13p9_d5p53 run9 8.25078518518507465131 8.170222222222137 5.1471615720524015 0.8169354265823684 56.84449811749663 42.338566455921004
a14p1_d5p30 run1 10.75457777777771713325 10.738162962962859 3.4676604345629105 1.8322682802691852 59.260306509076514 38.9074252106543
a14p1_d5p30 run10 10.95442962962954758115 10.907199999999875 3.091013560101126 0.5056179775280899 59.06741573033708 40.42696629213483
a14p1_d5p30 run11 10.59478518518516913222 10.586399999999927 2.8137320044296787 3.461292757999884 56.228584702944424 40.3101225390557
a14p1_d5p30 run12 10.83697777777774674205 10.736296296296215 3.0917817841254975 1.773861295490959 59.41863126573587 38.80750743877317
a14p1_d5p30 run13 10.15342222222217584699 10.104622222222137 4.5758665794637015 1.2374640783531758 59.70910797020703 39.0534279514398
a14p1_d5p30 run14 11.39970370370364662650 11.34645925925916 2.758280189261469 2.1128687941321362 59.554436477092345 38.33269472877552
a14p1_d5p30 run15 10.77511111111106116856 10.7469037037036 3.016419612314709 2.73109243697479 59.93072904837611 37.3381785146491
a14p1_d5p30 run16 9.43066666666660245481 9.400829629629497 3.9376543209876544 0.6188273534191774 52.994124265533195 46.387048381047634
a14p1_d5p30 run17 10.92734814814811960954 10.91045925925918 3.3686635944700463 1.487896957583833 61.87541638907395 36.63668665334222
a14p1_d5p30 run18 10.45997037037018665313 10.44219259259237 3.788818156656518 0.762917581782453 53.791469194312796 45.44561322390475
a14p1_d5p30 run19 11.04242962962951904255 11.010933333333178 3.2150613786591125 0.7504900588070569 60.8120974516942 38.43741248949874
a14p1_d5p30 run2 9.96213333333318136529 9.91122962962945 4.393939393939394 0.6753526177384652 61.702127659574465 37.622519722687066
a14p1_d5p30 run20 10.13226666666658818551 10.073185185185057 3.3336798336798337 2.5665627248740703 58.65915087550972 38.774286399616216
a14p1_d5p30 run3 10.92699259259252659708 10.550696296296197 2.9740018570102134 1.6764018691588785 58.21845794392523 40.10514018691589
a14p1_d5p30 run4 10.20841481481473490673 10.175407407407276 3.6826314340765207 1.7575828826710558 59.34634375734775 38.89607335998119
a14p1_d5p30 run5 10.44951111111107294073 10.378014814814746 3.4851822711775506 1.0817448251666473 58.22126067126652 40.696994503566835
a14p1_d5p30 run6 9.93075555555548064173 9.888237037036902 4.345992919214677 1.7158338350391331 56.79108970499699 41.49307645996388
a14p1_d5p30 run7 10.35176296296292728971 10.238222222222127 3.2415702063412177 1.6255339345040343 61.62197437114381 36.75249169435216
a14p1_d5p30 run8 10.00616296296289161646 9.998607407407292 4.027569673359305 2.3365321571198665 57.268880014305296 40.394587828574835
a14p1_d5p30 run9 10.05819259259251767877 10.022074074073954 3.993166963755199 1.749271137026239 57.92824418397097 40.3224846790028
a14p3_d5p08 run1 12.20924444444437973687 12.205659259259226 3.5553021664766247 1.2215269086357947 55.449311639549435 43.32916145181477
a14p3_d5p08 run10 12.82082962962944523207 12.816859259259104 3.3501774900814367 1.9488311812989008 53.458455335285365 44.592713483415736
a14p3_d5p08 run11 12.45567407407396133833 12.423525925925846 3.288502333474756 2.4238227146814406 56.06944994064108 41.506727344677486
a14p3_d5p08 run12 13.06376296296281558756 13.048859259259139 3.0455856895556837 1.68306946227357 60.153092758997765 38.16383777872866
a14p3_d5p08 run13 12.96157037037024742486 12.958725925925833 2.448696524064171 2.088481852982507 55.570092552212046 42.34142559480544
a14p3_d5p08 run14 10.98165925925909031251 10.94441481481469 3.967110627888013 1.5486483528510453 52.34212542409981 46.10922622304914
a14p3_d5p08 run15 13.26047407407395783604 13.252088888888801 2.617370490682168 1.5738727668021553 59.759901692031384 38.66622554116646
a14p3_d5p08 run16 12.96773333333326338035 12.963051851851805 2.728397275008964 0.8895513776025388 60.59046977929509 38.51997884310237
a14p3_d5p08 run17 12.01285925925911756457 11.989037037036928 3.704820707670387 1.9735513830002018 57.51059963658389 40.51584898041591
a14p3_d5p08 run18 12.49768888888876309053 12.482518518518427 3.1436498150431564 1.9342359767891684 57.283142389525366 40.782621633685466
a14p3_d5p08 run19 12.68728888888870596158 12.680888888888733 3.461005199306759 1.6025641025641026 57.740870240870244 40.656565656565654
a14p3_d5p08 run2 12.50432592592585143551 12.483614814814768 3.3408263755084566 0.542513316235944 57.89110278161373 41.56638390215033
a14p3_d5p08 run20 12.61128888888875384561 12.517925925925825 2.7632071937055076 0.31362007168458783 56.705495818399044 42.98088410991637
a14p3_d5p08 run3 11.96109629629615359366 11.952385185185085 3.8549337260677468 1.0364528034784368 58.37504423883917 40.588502957682394
a14p3_d5p08 run4 12.88903703703689312462 12.871762962962865 3.0881716197598896 0.21182360870402464 61.433660697092236 38.354515694203734
a14p3_d5p08 run5 11.99111111111095637301 11.985007407407295 3.588536812674744 1.2948106022138723 55.14369858840256 43.56149080938357
a14p3_d5p08 run6 12.09182222222214069402 12.059437037036988 3.1141904563450717 1.3269854132901135 55.16612641815235 43.50688816855754
a14p3_d5p08 run7 12.44068148148136444095 12.437570370370285 3.356928356928357 0.6744781410003938 56.04076408034659 43.28475777865301
a14p3_d5p08 run8 12.36228148148131862461 12.359140740740607 3.247621061535208 1.9365758948573704 59.64554189276647 38.41788221237616
a14p3_d5p08 run9 13.07845925925908325794 13.074459259259115 2.717360369975098 2.703478635341404 56.03617397961625 41.260347385042344
a14p5_d4p87 run1 14.27348148148162368280 14.271348148148261 2.9482936918304032 1.3794307665444385 58.53413654618474 40.08643268727082
a14p5_d4p87 run10 15.67487407407457230718 15.667674074074549 2.1517822423849644 0.604540220430992 56.44842901793058 42.94703076163843
a14p5_d4p87 run11 16.14005925925989257452 16.136503703704314 2.14129889669007 1.8958291758132109 60.395130712432646 37.70904011175414
a14p5_d4p87 run12 15.14669629629650547377 15.121066666666845 1.9946578478758585 1.8136255521576623 60.873258579680595 37.31311586816174
a14p5_d4p87 run13 16.01028148148195858788 15.960385185185627 1.7729232864275988 3.3108246367914878 64.12113771229794 32.568037650910576
a14p5_d4p87 run14 14.81884444444459190618 14.810429629629759 2.132686084142395 2.03168044077135 59.400826446280995 38.56749311294766
a14p5_d4p87 run15 15.59656296296334905080 15.594844444444808 2.171436004162331 2.764334345008613 62.25084078418505 34.984824870806335
a14p5_d4p87 run16 14.80085925925957439829 14.799259259259548 2.466341895482728 0.7112133214087986 55.30002981133683 43.988756867254374
a14p5_d4p87 run17 14.57774814814834556562 14.57543703703721 2.7345460399227304 1.375059269796112 56.75244622613044 41.87249450407345
a14p5_d4p87 run18 14.15025185185196408216 14.148385185185276 2.755324418028727 0.9496175151675019 52.60265541194056 46.44772707289194
a14p5_d4p87 run19 15.56293333333379802369 15.546548148148583 1.9324571011318 1.7388778220451526 53.291002656042494 44.97011952191235
a14p5_d4p87 run2 14.60420740740761162819 14.598814814814999 2.8098971092601666 1.0373799725651578 59.85939643347051 39.10322359396434
a14p5_d4p87 run20 14.29143703703719545696 14.255851851851977 2.9601392515230636 0.29888796096874864 59.45672717682739 40.24438486220386
a14p5_d4p87 run3 15.65804444444496453319 15.639051851852344 2.0909322141676205 0.2921329822251481 63.73847926267281 35.96938775510204
a14p5_d4p87 run4 15.97194074074132764771 15.949570370370934 2.4756522952420816 1.6378964271376957 60.907266158169406 37.454837414692896
a14p5_d4p87 run5 14.70423703703735290499 14.70053333333362 2.661141516810008 1.0805962499466109 57.72861230940076 41.19079144065263
a14p5_d4p87 run6 15.70068148148185165443 15.684385185185528 2.0870337477797514 1.5699490383034687 61.0841689955614 37.34588196613513
a14p5_d4p87 run7 14.73146666666692033293 14.729570370370606 2.3729502249310697 1.880135954911156 56.09430796368799 42.02555608140085
a14p5_d4p87 run8 15.50669629629679839271 15.50177777777825 2.409704641350211 1.5839623808934538 54.54770449201831 43.868333127088235
a14p5_d4p87 run9 15.59075555555592767231 15.577125925926273 2.1649242028227915 1.4617226856057477 58.89421091749938 39.64406639689487
a14p7_d4p68 run1 16.87771851851922528604 16.873896296296966 2.198201482561672 1.4818755224561138 57.76654761000076 40.75157686754313
a14p7_d4p68 run10 17.42041481481563811315 17.416977777778577 2.2657722987672226 1.2989896746974576 56.63743014692276 42.06358017837978
a14p7_d4p68 run11 17.58518518518587942714 17.579792592593257 1.825689998950572 1.6155388843496992 56.83725766916735 41.54720344648295
a14p7_d4p68 run12 17.47896296296368237966 17.476000000000692 2.1383881846726362 1.0375365916922963 53.510949716530185 45.45151369177752
a14p7_d4p68 run13 17.49360000000074775094 17.49081481481553 1.8627763605442176 1.9381427987970148 60.01930716964319 38.0425500315598
a14p7_d4p68 run14 17.39324444444498755965 17.388651851852362 1.839124428859845 2.9454695160747035 49.57895130805794 47.47557917586736
a14p7_d4p68 run15 17.51700740740828423250 17.514814814815658 2.1419459584831264 0.5868674565385893 60.97515963533016 38.43797290813125
a14p7_d4p68 run16 17.31949629629699680935 17.307703703704362 2.041262965918158 1.6828454705595741 57.7602038904089 40.55695063903152
a14p7_d4p68 run17 17.61845925925998183722 17.61682962963033 2.244645406949072 1.6979609799031832 56.39577526771307 41.906263752383744
a14p7_d4p68 run18 18.56391111111208247797 18.540948148149084 1.5536594269027195 3.033984919415359 58.75352892827788 38.21248615230676
a14p7_d4p68 run19 18.61031111111210766712 18.602725925926894 1.7567937438905181 0.918374583362882 59.52060137578895 39.56102404084817
a14p7_d4p68 run2 16.59688888888946970604 16.593037037037586 2.3017307202850597 1.9464251300828677 56.23819618423588 41.815378685681246
a14p7_d4p68 run20 18.23442962963053170725 18.227140740741618 1.6031925946916028 0.5732946298984035 55.85268505079826 43.57402031930334
a14p7_d4p68 run3 16.93265185185266565984 16.93040000000079 2.383720930232558 0.7326007326007326 58.35504701484083 40.912352252558435
a14p7_d4p68 run4 17.62761481481567590988 17.62278518518601 1.8506486657525578 2.8305028305028306 58.14555814555815 39.02393902393902
a14p7_d4p68 run5 18.08346666666769150578 18.077422222223205 1.8924415557186287 3.077090355550723 57.17081657062086 39.75209307382842
a14p7_d4p68 run6 18.06779259259348835828 18.063111111111976 1.936418639210275 1.6628108733371891 60.47932330827068 37.857865818392135
a14p7_d4p68 run7 17.15063703703780049607 17.145837037037747 2.043818286371478 0.8501473588755384 58.58837754099599 40.56147510012847
a14p7_d4p68 run8 18.16631111111218632759 18.158785185186225 1.4739357864357865 1.4545587109474682 62.323648426962194 36.22179286209033
a14p7_d4p68 run9 18.80343703703796435317 18.77546666666755 1.570126674564841 0.35813062903340187 60.6375434366357 39.0043259343309
a14p9_d4p49 run1 20.37478518518623165369 20.37265185185288 1.5519572656706453 3.6009811937857727 55.823385118560914 40.57563368765331
a14p9_d4p49 run10 19.49042962963095267030 19.47294814814946 1.8833771033946114 1.2751315611928216 55.680744838753206 43.04412360005397
a14p9_d4p49 run11 20.71626666666821333758 20.709155555557082 1.4558613010975028 1.6126943005181347 59.75064766839378 38.63665803108808
a14p9_d4p49 run12 20.27623703703798331288 20.273007407408343 1.4999590600180135 2.5677977204244726 60.47753176994629 36.95467050962924
a14p9_d4p49 run13 20.28862222222348949626 20.264622222223476 1.575025432349949 0.7703703703703704 56.48065843621399 42.748971193415635
a14p9_d4p49 run14 20.52663703703844882030 20.52177777777918 1.6672433180520716 2.2408872746140873 57.196134388377224 40.562978337008694
a14p9_d4p49 run15 21.09445925926052954648 21.09140740740867 1.404447161305112 1.0391839069501383 56.80872024660756 42.15209584644231
a14p9_d4p49 run16 19.06008888889015534095 19.04737777777903 1.9980456696153055 1.6777026795210486 54.54763783579785 43.7746594846811
a14p9_d4p49 run17 20.00954074074187056548 19.99191111111222 1.6571050308914386 1.3685434313237004 56.299618003653876 42.33183856502242
a14p9_d4p49 run18 19.70109629629760922839 19.679496296297597 1.748848775096703 1.765671591784769 58.159949073608736 40.07437933460649
a14p9_d4p49 run19 20.25840000000120916942 20.24909629629749 1.687488986784141 1.1375930236370193 60.16785234239255 38.69455463397043
a14p9_d4p49 run2 22.11200000000125121155 22.087881481482718 1.1512013805920616 0.8608454180808393 66.29126812712126 32.8478864547979
a14p9_d4p49 run20 21.04091851852004050834 21.03783703703855 1.427828651249418 2.700974908102925 58.34425443503277 38.95477065686431
a14p9_d4p49 run3 19.84882962963096470821 19.848000000001328 1.967640713865464 1.6025641025641026 59.48982289188475 38.90761300555115
a14p9_d4p49 run4 20.40228148148282207460 20.395614814816145 1.5890295358649789 1.228813559322034 58.88526727509778 39.885919165580184
a14p9_d4p49 run5 18.83306666666767854748 18.81795555555656 2.0404879587758966 2.3588821250691754 50.826646375207524 46.8144714997233
a14p9_d4p49 run6 21.59798518518658213926 21.594311111112493 1.251042476500106 1.032967032967033 61.748822605965465 37.218210361067506
a14p9_d4p49 run7 21.03354074074216968980 21.030992592594007 1.4929722861907408 0.5510607122380072 60.581639803784164 38.86729948397783
a14p9_d4p49 run8 20.42148148148286439399 20.417333333334707 1.7162745616353863 2.072858208713141 60.197229701235926 37.72991209005093
a14p9_d4p49 run9 18.94592592592716227699 18.940859259260485 1.8454376163873372 1.0643427941581702 55.34582529622485 43.589831909616976
a15p1_d4p32 run1 22.02749629629807650791 22.025096296298102 1.6423258417979685 1.9130066289311984 55.301631504071196 42.78536186699761
a15p1_d4p32 run10 21.90725925926075008412 21.905866666668196 1.665074868474302 1.83739788015914 55.5805266194916 42.582075500349255
a15p1_d4p32 run11 23.97040000000162348757 23.945629629631302 1.0489745403111739 1.3691143900825495 60.18350734892283 38.44737826099462
a15p1_d4p32 run12 22.35401481481638249908 22.349955555557152 1.4884782283405655 1.8850906467033464 59.77871982201377 38.33618953128288
a15p1_d4p32 run13 22.99051851851984509689 22.98912592592728 1.2908514370530293 0.3887498159328523 60.739213665145044 38.8720365189221
a15p1_d4p32 run14 23.27416296296448288391 23.264562962964508 1.2816233896268607 1.9660045054269917 61.95839794037623 36.075597554196776
a15p1_d4p32 run15 23.36251851852039118332 23.359051851853764 1.2157332470055033 1.5633218397522062 60.32961252995149 38.1070656302963
a15p1_d4p32 run16 22.54426666666802664856 22.541925925927327 1.2895604395604396 1.0619150467962564 56.33849292056635 42.59959203263739
a15p1_d4p32 run17 22.61410370370550990869 22.612207407409244 1.3843583362957697 1.8845419847328244 59.178196564885496 38.937261450381676
a15p1_d4p32 run18 21.80823703703864467524 21.80527407407572 1.6141581632653061 1.4485240302512807 61.72847035862406 36.823005611124664
a15p1_d4p32 run19 21.89943703703869987106 21.887970370372074 1.3640663658856063 1.0681195555145135 57.872379721119216 41.05950072336627
a15p1_d4p32 run2 22.38957037037235759551 22.337303703705718 1.4026622296173046 1.0267373238588462 52.962784535709986 46.01047814043117
a15p1_d4p32 run20 23.44823703703858968056 23.444562962964554 1.199667434126375 1.9073094144327498 59.01901494446706 39.073675641100195
a15p1_d4p32 run3 22.76536296296445668443 22.761955555557083 1.3194147284146593 0.9730405284770577 58.14735463905255 40.87960483247039
a15p1_d4p32 run4 22.87780740740912930539 22.870192592594353 1.2393213572854291 2.424458507888404 57.24812074754137 40.327420744570226
a15p1_d4p32 run5 23.41629629629812894999 23.41185185185371 1.3482702260964314 0.3654080389768575 59.837016414361116 39.797575546662024
a15p1_d4p32 run6 21.53893333333483067739 21.536622222223755 1.6177303243549301 1.050582455272997 55.674690232673115 43.27472731205389
a15p1_d4p32 run7 21.09440000000152149646 21.09268148148303 1.7781350482315113 0.7945445445445446 58.361486486486484 40.843968968968966
a15p1_d4p32 run8 21.46797037037186663045 21.45715555555708 1.6900833333333334 1.3785198723707444 56.98398438710077 41.637495740528486
a15p1_d4p32 run9 21.02130370370526865137 21.018874074075672 1.9065564838358156 1.9933139625706877 56.4001624644609 41.60652357296841
a15p5_d3p99 run1 27.76127407407638548554 27.760029629631926 1.0189575855619029 1.2995467861882466 60.114680621979616 38.58577259183213
a15p5_d3p99 run10 26.95591111111318988956 26.953274074076123 1.044545883834409 1.1676546821669618 55.369928400954656 43.46241691687838
a15p5_d3p99 run11 27.08717037037282937800 27.085896296298735 1.2373754528985508 0.9109081247944131 57.89327193137825 41.19581994382733
a15p5_d3p99 run12 27.53374814815017421368 27.528118518520532 0.9474383581869187 0.8996714682840535 56.608541824614605 42.49178670710134
a15p5_d3p99 run13 27.29022222222487865462 27.286340740743373 1.1842845326716294 1.3177824901544986 58.61860042411391 40.06361708573159
a15p5_d3p99 run14 27.15010370370604544996 27.143200000002313 1.1543132213773863 1.5361958205317015 57.06269202447756 41.401112154990734
a15p5_d3p99 run15 27.36234074074279883186 27.3474666666687 1.009112660998829 1.2238692512352718 60.0380083618396 38.73812238692512
a15p5_d3p99 run16 27.37031111111365983015 27.341688888891422 1.0925602329891448 1.4929905359582976 57.00693354926869 41.500075914773014
a15p5_d3p99 run17 28.08311111111306099157 28.080207407409347 0.9408921753419361 1.5961552827510646 58.49747254662716 39.90637217062178
a15p5_d3p99 run18 26.30225185185400691484 26.301066666668795 1.2899886978763904 1.5429773748603788 56.82260955399122 41.6344130711484
a15p5_d3p99 run19 26.90011851852055452989 26.8970962962983 1.1753069956103794 2.4113004163580167 56.2619734859128 41.326726097729185
a15p5_d3p99 run2 27.14779259259452317814 27.145007407409313 1.1548880393227745 1.0467356042173561 55.162712895377126 43.79055150040551
a15p5_d3p99 run20 26.62921481481696082709 26.622666666668785 1.167235877050557 0.7569299129401431 58.38693843808933 40.856131648970525
a15p5_d3p99 run3 28.25703703703959987915 28.2547555555581 0.893290824698767 0.33926006636620276 62.17374077559309 37.48699915804071
a15p5_d3p99 run4 26.74429629629835050854 26.742666666668693 1.1705508474576272 0.950399424623051 60.006164753024585 39.043435822352365
a15p5_d3p99 run5 26.90020740740967674801 26.899318518520765 1.1639126830616193 0.896414342629482 57.495658392072734 41.60792726529778
a15p5_d3p99 run6 27.74278518518724178443 27.733451851853914 1.0633250825082508 1.3620913725882235 55.81325602319304 42.824652604218734
a15p5_d3p99 run7 26.65810370370589238360 26.651940740742898 1.0620498319372567 3.3118580040880747 56.847525162358664 39.84061683355326
a15p5_d3p99 run8 28.26847407407604981370 28.263555555557502 0.8890603085553997 1.1903878040933502 62.6475610661519 36.162051129754744
a15p5_d3p99 run9 26.75120000000240878117 26.74512592592831 1.0993305981429498 0.7045875334293356 59.64822053075499 39.64719193581568
a15p9_d3p70 run1 31.66503703703915163374 31.66248888889106 0.8347117589256469 0.33697083305438397 57.89649862756912 41.76653053937649
a15p9_d3p70 run10 33.05760000000217679073 33.05211851852074 0.7409149048228124 2.1176826501285735 56.77118222875294 41.11113512111848
a15p9_d3p70 run11 31.03173333333490559818 31.029540740742412 0.8956994774265399 1.8324784779808845 50.79648417199539 47.37103735002373
a15p9_d3p70 run12 32.68435555555775224837 32.68299259259488 0.7717538105344395 2.2214962430578242 62.49809430469345 35.28040945224872
a15p9_d3p70 run13 31.97431111111300180934 31.97179259259454 0.8274021352313167 0.9604319730902009 64.26706205187217 34.77250597503762
a15p9_d3p70 run14 33.35354074074321357501 33.352118518521046 0.7690068428414805 1.6904599076765259 62.3525388955377 35.957001196785775
a15p9_d3p70 run15 32.07869629629811982499 32.07674074074264 0.7922602089268755 1.7618227579811896 59.00781560471586 39.230361637302956
a15p9_d3p70 run16 31.27911111111309634426 31.277481481483537 0.8957162323283938 0.559311754531773 63.85138929445855 35.58929895100968
a15p9_d3p70 run17 33.03967407407660661460 33.03724444444701 0.768840579710145 1.686107936781733 61.63349791931693 36.68039414390133
a15p9_d3p70 run18 33.05659259259408027357 33.053362962964485 0.6907988457464295 0.17282723757264146 67.02240273067035 32.804770031757
a15p9_d3p70 run19 33.05125925926117483510 33.05022222222422 0.7704400121802679 0.7503278653279728 58.473975017736976 40.77569711693505
a15p9_d3p70 run2 32.70459259259477684660 32.70385185185409 0.7805057222394062 0.5515623982106794 66.76293674404465 32.68550085774467
a15p9_d3p70 run20 31.31777777778031031831 31.31528888889152 0.9045075838496048 0.6775098149186763 59.07347167694896 40.24901850813236
a15p9_d3p70 run3 31.82139259259460270335 31.814725925927974 0.8812380238273765 2.5530878412789795 58.81844954717566 38.62846261154536
a15p9_d3p70 run4 33.11745185185380723187 33.097392592594595 0.7617565567237257 2.1349936445698776 62.90583191503113 34.95917444039899
a15p9_d3p70 run5 31.69688888889135674764 31.69377777778031 0.8954350206350543 1.4130507231886955 60.36348285898376 38.223466417827545
a15p9_d3p70 run6 32.12957037037219141130 32.115762962964844 0.814463141025641 0.4371922541897591 57.65638455254035 41.90642319326989
a15p9_d3p70 run7 30.82859259259435392726 30.82663703703889 0.911408872121764 1.6425055014859684 58.88745207468409 39.470042423829945
a15p9_d3p70 run8 32.57445925926121712703 32.56151111111313 0.7737772265715835 0.8171826862149584 61.69292284834051 37.489894465444536
a15p9_d3p70 run9 31.70574814814982738671 31.688177777779497 0.8763772954924874 0.7896258730370568 62.47164019751769 36.73873392944526
a16p3_d3p43 run1 36.00717037037274170021 36.00571851852094 0.7249357326478149 0.6199701937406855 58.56929955290611 40.810730253353206
a16p3_d3p43 run10 36.46435555555778252573 36.46266666666894 0.6283086225195381 2.0660095992415415 55.70522822888068 42.228762171877776
a16p3_d3p43 run11 37.34853333333507129370 37.33958518518695 0.5874799852198547 1.7437687906119679 66.88778973911357 31.368441470274465
a16p3_d3p43 run12 37.19674074074261322584 37.19066666666861 0.5754177930695502 0.9184330089893337 61.97570344948618 37.105863541524485
a16p3_d3p43 run13 34.67146666666880101746 34.66157037037255 0.865975056256913 1.283623579429319 57.55253045540021 41.16384596517047
a16p3_d3p43 run14 37.00900740740999185590 37.006251851854486 0.6383087600345412 0.7223035627135188 57.37628111273792 41.90141532454856
a16p3_d3p43 run15 35.78865185185449992807 35.787288888891574 0.7445780620047269 0.8287678055583225 60.753063054089054 38.418169140352624
a16p3_d3p43 run16 36.64269629629848615031 36.640948148150365 0.7048840783056056 1.510757534192891 59.85029588117725 38.638946584629856
a16p3_d3p43 run17 36.44302222222524428233 36.439911111114185 0.7002983273556129 0.8871365204534253 61.50616067028093 37.60670280926565
a16p3_d3p43 run18 35.64749629629873091178 35.646281481483946 0.7449111413707622 0.8303985913238354 61.60557067392348 37.564030734752684
a16p3_d3p43 run19 36.54154074074357149009 36.53582222222507 0.6834217506631299 1.6170330103206492 60.834712046009614 37.54825494366974
a16p3_d3p43 run2 37.61374814814997274142 37.61164444444632 0.587986645020982 0.9548058561425843 63.61321682772988 35.431977316127536
a16p3_d3p43 run20 37.38462222222404818383 37.383822222224076 0.617211703958692 1.182321297263826 56.79012345679013 42.02755524594605
a16p3_d3p43 run3 39.30672592592845991696 39.28811851852112 0.4533471321967427 2.9401843939734653 66.00142418109587 31.058391424930665
a16p3_d3p43 run4 36.65958518518750922185 36.65200000000238 0.7159239952917438 1.2896144875840307 58.757815102992765 39.9525704094232
a16p3_d3p43 run5 35.74071111111352614225 35.739407407409864 0.7804999466628738 1.1143730153975195 57.54797994927406 41.33764703532842
a16p3_d3p43 run6 37.13182222222417056457 37.13102222222421 0.664524463103504 1.2669279422606805 62.15319545225253 36.57987660548679
a16p3_d3p43 run7 36.68675555555828590310 36.68622222222497 0.7147840085859941 2.595446721952746 60.21162572367392 37.192927554373334
a16p3_d3p43 run8 37.21149629629879094761 37.20960000000254 0.633924323638555 0.4270517897352279 60.66076558739032 38.91218262287445
a16p3_d3p43 run9 36.05854814815033988362 36.05632592592815 0.7217608257288356 1.865930881156083 58.614050062528534 39.520019056315384
a16p7_d3p19 run1 40.79789629629808545983 40.79691851852027 0.5654359604535553 0.4906158567044887 61.86219938628417 37.647184757011345
a16p7_d3p19 run10 40.25552592592840780484 40.25291851852096 0.5970231055470621 0.23842207932952822 56.58370059966765 43.17787732100282
a16p7_d3p19 run11 40.25282962963164924766 40.25122962963163 0.5702861356095624 0.43523016632654904 61.33133476604121 38.23343506763224
a16p7_d3p19 run12 41.43674074074292592340 41.40085925926142 0.5352732010531744 1.0166015452343486 61.60251763582681 37.38088081893884
a16p7_d3p19 run13 41.30468148148325816007 41.30266666666842 0.5581414564283353 1.2125925794990544 63.18031569830131 35.607091722199634
a16p7_d3p19 run14 39.08480000000255074490 39.07496296296549 0.6821820889964625 1.057000553403431 57.1149234458587 41.82807600073787
a16p7_d3p19 run15 41.68260740740933637046 41.6792000000019 0.5109347629916662 1.2963515958474592 65.66776159777969 33.03588680637285
a16p7_d3p19 run16 40.40666666666910504710 40.40586666666909 0.5749142743786664 1.4053334293014719 61.766293590527944 36.828372980170585
a16p7_d3p19 run17 42.09694814815082588954 42.09567407407672 0.47876078755619866 3.153885132183607 67.95268298649333 28.89343188132306
a16p7_d3p19 run18 41.65060740740900786544 41.58607407407565 0.4760251624859701 0.8506047959255854 63.97220060833274 35.17719459574167
a16p7_d3p19 run19 40.85813333333645377322 40.855525925929015 0.5707527363323349 0.6273167949814656 62.794054747647564 36.578628457370975
a16p7_d3p19 run2 40.22447407407613544111 40.22385185185389 0.6074779888785913 1.257589679837126 59.17878312883988 39.56362719132299
a16p7_d3p19 run20 41.89727407407592287904 41.89114074074255 0.4978844182807285 0.47547196294476807 57.958453224787704 41.56607481226753
a16p7_d3p19 run3 41.90477037037232287191 41.90352592592786 0.49426671553484475 0.6394758050387189 64.49770489505589 34.86281929990539
a16p7_d3p19 run4 40.08672592592882648772 40.078370370373236 0.6237742939345898 0.47912636279809795 58.03033864289718 41.490534994304724
a16p7_d3p19 run5 40.75117037037307220690 40.73617777778045 0.5865332842123161 1.107459274078308 61.281794798513864 37.610745927407834
a16p7_d3p19 run6 41.07428148148361672438 41.07185185185397 0.6070188421472078 0.7173092931403978 61.192681674075914 38.09000903278369
a16p7_d3p19 run7 40.35691851852025448189 40.353096296298006 0.5820057567898772 2.577867449694655 52.966078795193745 44.4560537551116
a16p7_d3p19 run8 41.85774814814991337558 41.85380740740915 0.4946132270832787 2.097583219334245 60.85972850678733 37.042688273878426
a16p7_d3p19 run9 40.80601481481707959891 40.803911111113344 0.5904797027034694 1.1325937288196055 61.142225234545 37.72518103663539
a17p1_d2p97 run1 46.73410370370571427203 46.72361481481686 0.3708504861171937 1.8113858539390455 65.2913551849722 32.897258961088745
a17p1_d2p97 run10 45.49706666666797751193 45.491614814816174 0.38809016281917547 1.6222309351107627 63.69339345226426 34.684375612624976
a17p1_d2p97 run11 44.40198518518739621148 44.400651851854086 0.5228434062476401 0.5272901583523423 61.038381434097 38.434328407550666
a17p1_d2p97 run12 44.63339259259474357514 44.59662222222441 0.4613749456495483 0.6562200403319118 63.28638963271513 36.057390326952955
a17p1_d2p97 run13 45.79902222222419297925 45.78767407407607 0.43744474945331036 1.225117332901764 62.900145654636674 35.874737012461566
a17p1_d2p97 run14 45.82853333333559807205 45.82782222222451 0.449936717761215 1.2366034624896949 66.16394290609897 32.59945363141134
a17p1_d2p97 run15 44.83069629629833524411 44.829451851853925 0.472985736081176 0.9996054189135868 63.24970406418519 35.75069051690122
a17p1_d2p97 run16 43.54927407407631926947 43.54779259259485 0.5163804962551587 0.6988777635911565 59.63476916873866 39.66635306767019
a17p1_d2p97 run17 45.65665185185334265760 45.65102222222375 0.41495284103979757 1.0714053456460948 62.669896598816415 36.258698055537494
a17p1_d2p97 run18 43.72314074074330388794 43.718340740743336 0.5425677596051985 0.7487186358915949 58.37660379886771 40.874677565240695
a17p1_d2p97 run19 45.00651851852085741851 45.00598518518755 0.4569599694277252 0.45901639344262296 64.41311475409836 35.12786885245902
a17p1_d2p97 run2 44.39931851852090953775 44.38962962963205 0.4947112883648344 1.4534305601590984 59.19124958568114 39.35531985415976
a17p1_d2p97 run20 44.85798518518743611859 44.85724444444672 0.4986969562865713 0.7480560385839431 59.84940450802192 39.40253945339414
a17p1_d2p97 run3 45.18459259259492345731 45.18133333333569 0.4413874469089193 1.0116884392495826 66.96297023867989 32.025341322070524
a17p1_d2p97 run4 44.15422222222396531781 44.15395555555731 0.5203028391167193 1.294777729823047 63.10547458583712 35.59974768433983
a17p1_d2p97 run5 45.11407407407595497188 45.11300740740933 0.47263657613803406 1.8785796105383734 65.0613647520864 33.06005563737523
a17p1_d2p97 run6 44.73997037037204735160 44.722992592594316 0.47133386756028267 2.361736891617567 60.6723770857058 36.965886022676635
a17p1_d2p97 run7 45.15208888889066378357 45.133985185186994 0.44832823141358774 1.5171871415932103 64.98509027755021 33.497722580856575
a17p1_d2p97 run8 45.88023703703954775503 45.877748148150694 0.4608584965702567 0.41307645141510957 61.333785135702065 38.25313841288282
a17p1_d2p97 run9 44.89262222222432315503 44.891288888891026 0.45765269461077845 0.9497674877171073 57.22431273312848 41.82591977915441
a17p5_d2p77 run1 48.94242962963148314868 48.93982222222401 0.39987633789603855 1.5215437805565286 57.846078864401356 40.63237735504211
a17p5_d2p77 run10 47.88853333333627521865 47.88728888889178 0.4688598979013046 1.2974976830398517 60.0895891257337 38.61291319122645
a17p5_d2p77 run11 47.38441481481754495626 47.37499259259521 0.47265122265122267 0.5493305034489216 57.83888386029526 41.61178563625581
a17p5_d2p77 run12 48.32521481481692174927 48.32346666666869 0.4037663236184381 0.2695334760577264 62.356184638132056 37.37428188581022
a17p5_d2p77 run13 48.42820740740911953352 48.42580740740902 0.40719235003345783 0.9709929284717216 60.37796628368947 38.65104078783881
a17p5_d2p77 run14 49.44728888889163381924 49.44343703703971 0.3721634515660651 2.460998911597533 59.30584109323981 38.23315999516266
a17p5_d2p77 run15 47.96376296296474868804 47.95822222222395 0.4017676822515147 0.42602633617350893 57.76917118512781 41.80480247869868
a17p5_d2p77 run16 47.72136296296496326530 47.720414814816735 0.42378055524831326 2.231130169976073 57.89440974488052 39.874460085143404
a17p5_d2p77 run17 48.53576296296496139941 48.53389629629824 0.393540797775639 0.478858107589594 66.80991481850971 32.7112270739007
a17p5_d2p77 run18 47.67813333333570985422 47.676148148150425 0.4461959938920327 1.3757336728673022 59.04785565665662 39.57641067047607
a17p5_d2p77 run19 49.20032592592799906705 49.199288888890905 0.3874510794091655 0.5929632999696693 61.414922656960876 37.992114043069456
a17p5_d2p77 run2 47.95700740741027638483 47.93484444444723 0.3955487237220983 2.2991358848260135 62.92527032687445 34.77559378829954
a17p5_d2p77 run20 49.87765925926151836734 49.86850370370589 0.3662992384588542 2.6141041435053034 65.57194795829452 31.813947898200173
a17p5_d2p77 run3 48.25294814815048396501 48.23804444444671 0.41198493720206353 1.3905161250539557 62.58401677252266 36.025467102423384
a17p5_d2p77 run4 48.32491851852039650145 48.31605925926106 0.4205654404540989 0.7822465382901228 60.27755152223025 38.94020193947963
a17p5_d2p77 run5 49.46808888889131661807 49.46725925926164 0.38677228718722495 2.1896817481185966 65.65871792546922 32.151600326412186
a17p5_d2p77 run6 47.39831111111404781341 47.396029629632466 0.4593585687296565 1.6189911719749197 63.622609726424805 34.758399101600276
a17p5_d2p77 run7 47.80506666666928513119 47.803200000002505 0.4121541631955101 0.2934144751141056 65.71552768031795 33.99105784456795
a17p5_d2p77 run8 49.11949629629900874635 49.11709629629895 0.3951349747849303 1.5552382977430819 59.31320433765681 39.131557364600106
a17p5_d2p77 run9 47.43374814815056793002 47.429659259261605 0.45018541968162085 0.6985483292532706 65.48890586749411 33.81254580325262
a17p9_d2p59 run1 50.74782222222450159403 50.74666666666894 0.3900167476818757 1.8969114578741662 55.96696934967234 42.13611919245349
a17p9_d2p59 run10 51.70788148148435196383 51.697481481484346 0.36032836056515904 1.3229662295462459 59.191133805268656 39.4858999651851
a17p9_d2p59 run11 52.29807407407641506423 52.29054814815048 0.34928322355676095 2.7351040918880116 60.002871500358935 37.26202440775305
a17p9_d2p59 run12 52.22011851852101196112 52.212118518521 0.3500582298136646 0.3508015239738337 62.76759399036734 36.88160448565883
a17p9_d2p59 run13 50.92897777777946882110 50.92586666666835 0.3521826382403783 3.4208128838863257 61.53495753372322 35.04422958239046
a17p9_d2p59 run14 51.72785185185409820201 51.63570370370596 0.33764616611864506 0.894532443164463 65.65868132827158 33.44678622856395
a17p9_d2p59 run15 51.29114074074358138047 51.29051851852136 0.3613383637807784 0.9160260804877693 63.86510494916639 35.218868970345845
a17p9_d2p59 run16 51.33834074074284385601 51.336088888890984 0.36943424832428984 1.2702667268780865 61.97503168383178 36.754701589290136
a17p9_d2p59 run17 50.42714074074326738613 50.42645925926178 0.42523158359064844 1.7140499034649452 58.37644249900517 39.90950759752988
a17p9_d2p59 run18 51.78302222222466741425 51.771911111113546 0.32712801834614863 0.1902244939447623 67.03453082798478 32.77524467807046
a17p9_d2p59 run19 50.56568888889092703425 50.56402962963166 0.40217548349811144 2.655518591574175 61.70106279624341 35.643418612182415
a17p9_d2p59 run2 51.66746666666905856261 51.66699259259499 0.37774985540198247 2.4797695392232084 62.01450513180561 35.50572532897118
a17p9_d2p59 run20 52.48462222222479307406 52.483733333335906 0.3426395939086294 0.24631952798304405 66.36592770808272 33.38775276393424
a17p9_d2p59 run3 51.53377777778000071726 51.53164444444666 0.3636831785141318 1.0646177978533355 63.13198065387576 35.803401548270905
a17p9_d2p59 run4 52.18367407407589894575 52.17623703703885 0.34165619866653785 1.0068564185296152 62.99694630099101 35.99619728047937
a17p9_d2p59 run5 51.97807407407605931891 51.94788148148346 0.3204535026001835 1.1409541736045754 62.30507492941432 36.553970896981106
a17p9_d2p59 run6 52.08106666666943176001 52.078133333336105 0.334109317582777 1.7838859005234846 63.208975671661165 35.007138427815356
a17p9_d2p59 run7 51.73985185185415399854 51.73875555555786 0.3409873038710555 1.4919313914543795 67.01512229777732 31.492946310768293
a17p9_d2p59 run8 51.00740740741022474999 51.00500740741022 0.3940709931290395 2.584277879341865 58.18939670932358 39.22632541133455
a17p9_d2p59 run9 51.26311111111292658779 51.248592592594406 0.36441234405778067 0.5876862950972672 65.12964097179689 34.28267273310584
a18p3_d2p425 run1 54.57502222222526464117 54.563170370373356 0.3118788538266231 2.900313808977425 61.79963227670487 35.30005391431771
a18p3_d2p425 run10 55.04225185185563989248 55.03105185185558 0.30542057415409996 0.677179198373671 64.8745913573803 34.44822944424604
a18p3_d2p425 run11 55.06654814815195087032 55.06382222222599 0.3163309508338748 2.0773344302756067 59.658576717400244 38.26408885232414
a18p3_d2p425 run12 55.35946666667019847484 55.35561481481832 0.2925847457627119 0.9096869365677758 62.51570780746326 36.57460525596897
a18p3_d2p425 run13 55.54308148148502957694 55.54094814815162 0.2894630530623716 1.5637557380845355 64.76645825671203 33.66978600520344
a18p3_d2p425 run14 53.70628148148426296632 53.70459259259531 0.3480862594557977 1.7699609156895588 60.341987716359576 37.888051367950865
a18p3_d2p425 run15 54.23466666667135718250 54.23371851852313 0.3448153871934757 2.2595741145847756 60.83266413756819 36.90776174784703
a18p3_d2p425 run16 54.46195555555900592398 54.458281481484846 0.3082787093035889 0.4858064248245699 66.71879973979598 32.79539383537944
a18p3_d2p425 run17 54.52154074074392349669 54.52008888889199 0.3080148188307581 3.2467981044225533 63.84172204644994 32.91147984912751
a18p3_d2p425 run18 54.78352592592904989705 54.7784296296327 0.3199520453389523 2.402774337379242 62.54231690198993 35.05490876063083
a18p3_d2p425 run19 54.32696296296657652582 54.326133333336884 0.33705142434332225 0.915870007332494 62.39260663244836 36.69152336021914
a18p3_d2p425 run2 55.15552592592956219772 55.1505481481517 0.3005703083229371 0.631723192874272 69.49640287769785 29.871873929427885
a18p3_d2p425 run20 54.04903703703996532112 54.04841481481772 0.3392657681137836 0.7089241034195163 57.755073672504864 41.53600222407562
a18p3_d2p425 run3 54.55182222222597770839 54.5408888888926 0.3319544033829748 0.8792877355235006 60.34785009317413 38.772862171302364
a18p3_d2p425 run4 55.06189629629936474338 55.05594074074375 0.3217454282093065 0.2219178082191781 62.79041095890411 36.987671232876714
a18p3_d2p425 run5 53.48779259259554381239 53.486577777780695 0.3469541758635652 2.686349757696294 53.50850163870136 43.80514860360234
a18p3_d2p425 run6 55.47425185185601185508 55.4642074074115 0.29797890414837885 1.8966198988287588 67.21070069947233 30.892679401698913
a18p3_d2p425 run7 54.87715555555938931139 54.87505185185563 0.32373799825429156 0.5247613160244522 61.7514939212858 37.72374476268975
a18p3_d2p425 run8 54.46971851852234418222 54.467911111114844 0.31992039873660383 2.71799269669138 66.94284607723802 30.339161226070598
a18p3_d2p425 run9 55.10945185185559582496 55.091792592596285 0.2823631012178572 1.8526663001649257 60.21165475536009 37.93567894447499
a18p7_d2p27 run1 57.13653333333826592755 57.13588148148642 0.31202942299018077 0.9110382398053631 62.0748928968107 37.01406886338393
a18p7_d2p27 run10 56.92334814815579642682 56.92290370371137 0.30982831723083337 0.18042399639152007 65.75658680251533 34.06298920109316
a18p7_d2p27 run11 57.59117037037472132239 57.589837037041406 0.27682428684294574 3.4848664375896887 59.024184736100686 37.49094882630962
a18p7_d2p27 run12 57.59760000000700219870 57.59691851852552 0.2860476126065197 0.2655728221713865 61.65233625200494 38.08209092582367
a18p7_d2p27 run13 57.77762962963496146071 57.776888888894234 0.2926213822418669 1.1070642490305 67.28592390734724 31.607011843622264
a18p7_d2p27 run14 56.93247407407994039430 56.92844444445033 0.2981811912766141 0.32536088498160715 69.1796921687627 30.494946946255695
a18p7_d2p27 run15 57.33688888889309426063 57.33585185185608 0.2903792074989348 0.4834044351696538 65.3441284852007 34.172467079629655
a18p7_d2p27 run16 58.23860740741115532264 58.23214814815193 0.25299724842767296 0.7359188528554436 62.82498725540175 36.43909389174281
a18p7_d2p27 run17 57.51440000000438107781 57.50808888889329 0.2731455052218006 0.4602642892939097 67.90283016379605 31.636905546910032
a18p7_d2p27 run18 57.45253333333816043427 57.45131851852335 0.305628598436023 1.0043702611625949 60.33329823083403 38.66233150800337
a18p7_d2p27 run19 55.98142222222782011671 55.980770370375986 0.3440122732605361 1.2126502383670181 60.06580272611294 38.72154703552004
a18p7_d2p27 run2 56.24640000000469600396 56.24497777778249 0.3210492778249788 3.7328831363721626 56.779751855722594 39.48736500790525
a18p7_d2p27 run20 56.91691851852418076919 56.91608888889456 0.3141552829662671 0.8936384609265201 60.13497388030018 38.9713876587733
a18p7_d2p27 run3 58.09282962963395218750 58.09167407407841 0.2677218861357421 0.2588641355506746 66.96998221943312 32.77115364501621
a18p7_d2p27 run4 57.70699259259922177878 57.70148148148812 0.2843759494952905 2.0108031384299965 65.67572185204169 32.31347500952832
a18p7_d2p27 run5 57.40968888889211708289 57.40900740741064 0.28370943440943946 3.6832388236845577 59.03995780034287 37.27680337597257
a18p7_d2p27 run6 56.65928888889397810859 56.65813333333845 0.31858065421872805 0.9662221512417153 64.68364875296122 34.350129095797065
a18p7_d2p27 run7 56.93792592593220128950 56.93398518519148 0.3082182272506421 0.354158376442499 66.6427908210638 33.003050802493696
a18p7_d2p27 run8 58.02773333333916824632 58.02717037037621 0.2777025784996908 2.623628349834552 63.30582403641167 34.070547613753774
a18p7_d2p27 run9 57.63466666667005578773 57.63122962963304 0.261021902658541 1.1627600737424282 64.46931788253885 34.36792204371873
a19p1_d2p13 run1 59.54222222222926930127 59.535111111118205 0.27140308191403084 2.7774233880227603 67.48615753616902 29.73641907580822
a19p1_d2p13 run10 59.87469629630416238340 59.86382222223016 0.2695980385831344 0.5412272900520899 67.78427137593698 31.674501334010927
a19p1_d2p13 run11 60.31697777778404327032 60.31060740741372 0.26163225672943763 0.7873121617018055 67.0085923009955 32.2040955373027
a19p1_d2p13 run12 59.11896296296940367611 59.11863703704354 0.30578899005931 1.294813070958827 62.50159932444535 36.20358760459582
a19p1_d2p13 run13 60.22640000000649833316 60.20637037037694 0.24628054841203478 1.7166078006912004 62.19665033610573 36.086741863203066
a19p1_d2p13 run14 59.62201481482113844472 59.61680000000637 0.3031940461785815 1.1586940208335983 60.04095493685054 38.80035104231586
a19p1_d2p13 run15 60.69816296296903008159 60.69051851852469 0.23230771617868393 0.2732274839148336 67.49977965525491 32.22699286083026
a19p1_d2p13 run16 60.17395555556209058004 60.15250370371029 0.2558875443255363 0.8204712645133516 65.74659086592638 33.43293786956026
a19p1_d2p13 run17 59.39499259260346255118 59.39247407408499 0.284096310501385 1.861023179822322 63.861942203614824 34.27703461656285
a19p1_d2p13 run18 59.94109629630294247953 59.94023703704378 0.2592657677806889 1.708848715509039 64.19917538851887 34.09197589597209
a19p1_d2p13 run19 59.69552592593292565389 59.6849481481552 0.2788862127327171 2.0767322008016795 63.16090857033785 34.76235922886047
a19p1_d2p13 run2 59.02557037037591998314 59.02420740741297 0.29321898948346214 2.9244641689006325 60.95583802573015 36.11969780536921
a19p1_d2p13 run20 59.45854814815255349631 59.45727407407855 0.2844371674171101 0.13384833072010402 63.77554272311242 36.09060894616748
a19p1_d2p13 run3 60.99158518519118365090 60.96705185185793 0.23462442766984284 0.8507066252380475 70.78906484915305 28.3602285256089
a19p1_d2p13 run4 60.00050370370896361298 59.999525925931266 0.26243699495959677 0.1153417156763334 61.91568647333198 37.96897181099168
a19p1_d2p13 run5 60.38272592593123914529 60.380918518523885 0.2519493638917827 3.112864995713349 61.339452317313025 35.54768268697362
a19p1_d2p13 run6 60.26432592593077275273 60.25182222222712 0.26529405182473587 2.538122370598714 59.68819880484631 37.77367882455498
a19p1_d2p13 run7 60.41025185185994103213 60.408681481489616 0.25972438319626584 2.0039069884680822 58.4119982355536 39.58409477597832
a19p1_d2p13 run8 59.51528888889509879982 59.51368888889519 0.2658418000613804 1.8732374596450037 60.46550206081641 37.66126047953858
a19p1_d2p13 run9 59.91605925926507252615 59.913659259265145 0.26703102395113326 0.44403846641800515 68.3717743777118 31.184187155870188
