Sn 1 O 2.86801631814 0.0223180473153 2.08433381424 0.00189605737573 0.00588217166804 6.83697049114e-05
Sn 2 O 2.32922043871 0.176604425996 2.11440408448 0.00204236933778 0.0280269525833 0.000421595074986
Sn 3 O 2.84906658678 0.0233858265994 2.1239417894 0.00154776437298 0.00681517455094 7.1271609362e-05
Sn 4 O 2.90865421186 0.00996015638812 2.14334188656 0.00129742047491 0.00385786729577 1.97351049442e-05
Sn 5 O 2.75160501666 0.0422309844696 2.09401186282 0.00160836684949 0.0117612649598 0.000157179238992
Sn 6 O 2.75793713293 0.0458251600624 2.14261293187 0.00157483224851 0.0119693171009 0.000157109558419
Sn 7 O 2.87530955652 0.0156049581757 2.10922301345 0.00106211462466 0.00491948424584 2.48699467314e-05
Sn 8 O 2.92801173577 0.00522625664186 2.05010004394 0.000718440120758 0.00266021359854 6.80013032277e-06
Sn 9 O 2.89327238114 0.0133038994185 2.12644205944 0.00111737153586 0.00467000586081 3.41426230648e-05
Sn 10 O 2.3428972467 0.212268327666 2.14942995385 0.00406071383493 0.0247304685948 0.000529890154585
Sn 11 O 2.87270309578 0.0192636630544 2.13218768993 0.0012837695229 0.00552323361503 5.18959230908e-05
Sn 12 O 2.98458623265 0.0327648216595 2.114841968 0.00132251008971 0.00699733693414 0.000144724602876
Sn 13 O 2.81868399657 0.0212454027209 2.10536316049 0.00109731634773 0.00775940507384 5.16384879489e-05
Sn 14 O 2.8273869253 0.0249269920124 2.12101743251 0.0011557463581 0.00696288083636 4.8968665968e-05
Sn 15 O 2.84228387361 0.0319649338749 2.14745519098 0.00171004534104 0.00715781400431 0.000108551755356
Sn 16 O 2.93043182869 0.00513887392605 2.06466974592 0.000844489083112 0.00261340255833 6.96409051079e-06
Sn 17 O 1.0 0.0 2.06808594516 0.00300990732362 0.0 0.0
Sn 18 O 2.87479240689 0.0190408446468 2.09918451953 0.000998278069924 0.00533205948535 4.29834949468e-05
Sn 19 O 2.87490737658 0.0185033831394 2.15160960693 0.00125793420921 0.00542139614519 4.04174015932e-05
Sn 20 O 2.89287795821 0.011330467316 2.12887416685 0.00109383561872 0.00444410073658 2.15481110341e-05
Sn 21 O 2.02081540636 0.0246451645565 2.05754984912 0.00170025093007 0.00772424762392 0.000305632524962
Sn 22 O 2.47554378682 0.147884100513 2.12610116887 0.0020208604085 0.0147177506779 0.000319586528496
Sn 23 O 2.93420209902 0.0114860401457 2.12589333024 0.0023869953548 0.00621718887209 0.000144701832427
Sn 24 O 2.0996778405 0.137426565676 2.07561973557 0.00141360115056 0.020708826603 0.000336224390687
Sn 25 O 2.2766854021 0.228298767326 2.11481284305 0.0024185970653 0.014785464808 0.000280565450986
Sn 26 O 2.87200482212 0.0149150876954 2.09104743235 0.000923748350198 0.00541493448946 3.57459782104e-05
Sn 27 O 2.81330363153 0.027076358132 2.09338755043 0.00104734403978 0.00836532668015 8.4031501114e-05
Sn 28 O 2.77834139727 0.0374690290387 2.11426014255 0.00128139935542 0.00978533518453 9.46219799341e-05
Sn 29 O 2.73924802949 0.0736999041408 2.11840392914 0.00168384965029 0.0109372718587 0.000170207815922
Sn 30 O 2.77052239599 0.0519549271275 2.20292596147 0.00214003298246 0.0104331503292 0.000152294053257
Sn 31 O 2.86199571649 0.0166573824724 2.09012812166 0.00104931626445 0.00584635853444 3.76081079135e-05
Sn 32 O 2.83128041103 0.0335056089106 2.13476773813 0.00134101751969 0.00793014330228 0.000111415928874
Sn 33 O 2.91902541032 0.0101667971687 2.11476951759 0.00128438227315 0.00385678967023 4.10504004421e-05
Sn 34 O 2.41054099264 0.192507796906 2.18770579939 0.00580311550695 0.0221094283677 0.000554631149542
Sn 35 O 1.94533600449 0.0082700569993 2.14454203863 0.00237308959956 0.00405697302147 5.26259638575e-05
Sn 36 O 2.78318667656 0.0313529682428 2.11395429721 0.00102134867611 0.00898025946064 7.1883040842e-05
Sn 37 O 2.21453223204 0.138550485299 2.11514579461 0.00214362685811 0.0127950397292 0.000344994383736
Sn 38 O 2.86173207259 0.0178042485869 2.13318545258 0.00136558966137 0.00583180356364 3.92914874697e-05
Sn 39 O 2.67478135553 0.0927514230511 2.14582981286 0.00132133814242 0.0212375207868 0.00032726403725
Sn 40 O 2.90891297718 0.0095902187566 2.10795702675 0.00117250359748 0.00373094440333 1.84943307981e-05
Sn 41 O 2.28173782181 0.20245846119 2.16296727699 0.00235905829229 0.00809393338104 0.000236502888296
Sn 42 O 2.77886153874 0.0335554516173 2.14094578778 0.00196074977686 0.00957744786454 8.582835717e-05
Sn 43 O 2.89533547314 0.00989534806398 2.08444501083 0.000909431143721 0.00416369108231 1.78436856973e-05
Sn 44 O 2.94438155149 0.00283221027766 2.10423772086 0.000910082877843 0.00221157644477 4.41243889676e-06
Sn 45 O 3.09725056583 0.105925687649 2.17239622934 0.00257760120227 0.0117714032671 0.000181645826039
Sn 46 O 2.8989414982 0.009920547992 2.14176682155 0.000965833414869 0.00417600101442 1.86762240179e-05
Sn 47 O 2.88587654832 0.0119513392803 2.10015880974 0.000883611662763 0.00482231604156 2.63091793095e-05
Sn 48 O 1.8956956512 0.0138242516386 2.05104822798 0.00155477179689 0.006553837104 7.75252429657e-05
Sr 49 O 4.18884008738 0.358402670799 2.50194180188 0.0027356682291 0.0376068653785 0.000446715557188
Sr 50 O 3.9143509139 0.157249403572 2.44316414463 0.0019422182068 0.0190692314451 0.000252211626886
Sr 51 O 5.3482974264 0.458458758792 2.56358759867 0.00258092879396 0.0381435960635 0.00034898445709
Sr 52 O 4.26506393032 0.559422717513 2.47827973392 0.0037366148456 0.0360684408349 0.000399458985698
Sr 53 O 3.97711815932 0.197943469587 2.49801840936 0.00272246671868 0.022196388905 0.000277165934449
Sr 54 O 4.65017552248 0.446918341424 2.50532343273 0.00285959512373 0.0313634497874 0.000296205162869
Sr 55 O 3.85082070624 0.126780098101 2.48424998475 0.00263825617347 0.021749658127 0.000413727961719
Sr 56 O 4.92448158684 0.212576471707 2.49390496121 0.0020572368603 0.020073133133 0.000287842610756
Sr 57 O 5.33892457982 0.27530939883 2.5377548198 0.0017030452392 0.0230584361341 0.000276184656418
Sr 58 O 3.94677096909 0.421603677196 2.50158365736 0.00356932357979 0.038283246696 0.000435663593833
Sr 59 O 5.82802259082 0.336901706579 2.57625376185 0.00208064974474 0.0288563860852 0.000225672017012
Sr 60 O 5.44849895974 0.388031794561 2.51938102069 0.00238132711653 0.0317623180711 0.000256390410005
Sr 61 O 4.55715151873 0.224490221241 2.55774204606 0.00269343748397 0.0238917707888 0.000248733244564
Sr 62 O 5.29018611405 0.234709490036 2.57898472221 0.0017312064467 0.0221743492761 0.000239147915479
Sr 63 O 3.82299559702 0.278140434682 2.54148513499 0.00389643186472 0.0331451044591 0.000456427865177
Sr 64 O 4.24323251352 0.206312194944 2.49230552574 0.0021140843399 0.0201688200483 0.000247338356102
Sr 65 O 5.35803090408 0.536311622991 2.5544868451 0.00285152895805 0.0344934413215 0.000311989340911
Sr 66 O 3.57139056658 0.117836803776 2.43319426371 0.00229255418233 0.0186210497414 0.000266123997722
Sr 67 O 3.56568422391 0.104037222133 2.44142028624 0.00176855037237 0.0196704306395 0.000326632661795
Sr 68 O 3.72819168959 0.270640309303 2.42375110482 0.0028180476262 0.0372153021048 0.000399245231329
Sr 69 O 5.55057007849 0.47922442183 2.57926409987 0.002003894673 0.0339520532435 0.00038447135559
