Sn 1 O 2.91965540887 0.00989832816347 2.14173807479 0.000985125081133 0.00392208080909 2.76396457376e-05
Sn 2 O 2.90763414063 0.0112628153022 2.15161238096 0.00138090731398 0.00450789335499 3.7162095518e-05
Sn 3 O 2.91501903116 0.0076383710526 2.14478028333 0.00131987383993 0.00402035911737 3.40301243279e-05
Sn 4 O 2.86147658024 0.0167695744643 2.13144359687 0.00123560425625 0.00629159797391 4.59366958524e-05
Sn 5 O 2.39472182025 0.0922481155565 2.12010534352 0.00176035341719 0.0274593368952 0.000444223156759
Sn 6 O 2.8866285813 0.0130985731481 2.11691610706 0.00137695335951 0.00460933741104 2.29222089337e-05
Sn 7 O 2.87921884207 0.0139497013205 2.09887177958 0.000853430299772 0.00484092759512 2.47054496457e-05
Sn 8 O 2.89398741471 0.0130538513932 2.15364213181 0.0018009604998 0.00464282671162 3.30176411604e-05
Sn 9 O 2.82626864924 0.0281789074838 2.1530324086 0.00113225195957 0.00784735830599 7.92238484256e-05
Sn 10 O 2.87788904638 0.0353843355194 2.14727049357 0.00174685091304 0.00724220444917 9.74774812014e-05
Sn 11 O 2.85031837277 0.0416834408602 2.11128947533 0.00142079104863 0.00896170398647 0.000114857892981
Sn 12 O 1.94663739531 0.00623140285562 2.12112761704 0.00186472751085 0.00344826592297 3.13533271748e-05
Sn 13 O 1.95484451012 0.00432190647799 2.04971429033 0.00101029169498 0.00268364891469 1.78403310136e-05
Sn 14 O 2.89534136933 0.068860269891 2.20012759318 0.00197689500605 0.0224119779785 0.000462030055653
Sn 15 O 1.94707871556 0.00559817241149 2.13685855381 0.00217136894969 0.00340256657436 2.60688098967e-05
Sn 16 O 3.13168456223 0.110419476623 2.09943131274 0.00185924515573 0.0158996327754 0.000262388274428
Sn 17 O 2.8648080971 0.0176604142165 2.12513055093 0.000968080592977 0.00576281297825 3.78974963496e-05
Sn 18 O 2.92710056593 0.00666852969658 2.12188009171 0.000995257400411 0.00297138542778 1.14366408658e-05
Sn 19 O 2.87384239021 0.0157339914746 2.13955432517 0.000949172823322 0.00537749531345 3.45738141034e-05
Sn 20 O 2.74071997578 0.0375062668049 2.1088192958 0.00131048335777 0.0126462085236 0.000136833271063
Sn 21 O 2.9253205868 0.00567031458241 2.13249420204 0.000859231041473 0.00305679694224 1.00166196671e-05
Sn 22 O 2.86856802724 0.0171169295131 2.15073580462 0.00108512479895 0.00596632753182 4.5968892037e-05
Sn 23 O 2.83766394063 0.0200616749685 2.12584449207 0.00131359279566 0.00670825274995 3.82876246878e-05
Sn 24 O 2.86954998437 0.0178921654495 2.1395650258 0.00111216913485 0.00539456845492 3.4580806148e-05
Sn 25 O 2.81960879422 0.027686714677 2.15522166736 0.00105478999299 0.00947334827635 0.000120249786895
Sn 26 O 2.88139693426 0.0186775822737 2.14516829289 0.00150981500184 0.00571018226485 7.25870977649e-05
Sn 27 O 2.73521452092 0.0437515679902 2.14118359088 0.00177881685473 0.0124668870968 0.000158100996351
Sn 28 O 2.83949527725 0.0502041919438 2.16315208203 0.00232857096964 0.0108792053843 0.000167919838856
Sn 29 O 1.93586940709 0.0104760540352 2.17544179791 0.00294491714836 0.00459870731756 8.66539617817e-05
Sn 30 O 2.54287727464 0.105716246329 2.17926148385 0.00265015155522 0.0223937648993 0.000346888662835
Sn 31 O 2.80487404747 0.0455108266222 2.12687448388 0.00113195921438 0.00894656967299 0.000148607107536
Sn 32 O 2.92375233816 0.0604938623931 2.15590747049 0.00173388174067 0.0145511522662 0.000273197310638
Sn 33 O 2.74705478607 0.0368126640281 2.11523747392 0.00122051775102 0.0126937076861 0.000155187986602
Sn 34 O 2.2775210784 0.144609828385 2.12087018441 0.00285191899135 0.00794890113653 0.000150785956881
Sn 35 O 2.86298596375 0.0169834390475 2.1501319016 0.00127247658156 0.00598694294287 3.9966933286e-05
Sn 36 O 3.3666744668 0.131049311557 2.17947307788 0.0017365742133 0.0185209377831 0.000247055796873
Sn 37 O 2.79835283024 0.0324593363278 2.14910105351 0.00141594046105 0.0094959974788 0.000102251791349
Sn 38 O 2.82121162873 0.0352793049733 2.11190264104 0.00123546946122 0.00775443056073 0.00010024647781
Sn 39 O 2.89995438199 0.00938771412337 2.18075780943 0.00129321586754 0.00434140976132 2.03151007356e-05
Sn 40 O 1.92208962931 0.0113034591477 2.08105429924 0.00125204036272 0.00503485727843 6.05055447683e-05
Sn 41 O 2.91383456052 0.00764880588503 2.10454067333 0.000966939383177 0.00339944419872 1.19226660309e-05
Sn 42 O 2.84875534149 0.0212741436469 2.13860746525 0.00108276887288 0.00625706078372 3.94225115259e-05
Sn 43 O 2.85930181807 0.0290822797041 2.17056656195 0.00156464980427 0.00663749511472 9.04923248746e-05
Sn 44 O 2.90918249626 0.00938834919032 2.09557523942 0.00113812887707 0.00367140400995 1.7260024108e-05
Sn 45 O 2.92961418317 0.00510943857857 2.12198448946 0.000956054419968 0.0028421736364 8.75686688954e-06
Sn 46 O 2.89507012736 0.0317710442676 2.12552952974 0.0012725152953 0.00783373181301 0.000108648523983
Sn 47 O 2.9095661118 0.0100497389892 2.16692531785 0.00155029624261 0.00396773644852 2.43224867318e-05
Sn 48 O 2.91388047383 0.00749056862542 2.11894377377 0.000941659145296 0.00347630410002 1.33491238308e-05
Sn 49 O 3.4744025324 0.1171178426 2.18280394478 0.00205000024204 0.0154761511321 0.000189610199011
Sn 50 O 2.72222224016 0.0346676230429 2.06073699141 0.00119614282792 0.0133185449409 0.000134874609423
Sn 51 O 2.8967357543 0.01033694813 2.14553047665 0.000848758204924 0.00430482263415 1.91877222256e-05
Sn 52 O 2.90027241682 0.0092948639245 2.09403599557 0.00113347284048 0.00399292981985 1.64209508977e-05
Sn 53 O 2.8606407677 0.0139338064056 2.09826191183 0.000866673462973 0.00603826899716 3.72036096284e-05
Sn 54 O 2.92341735979 0.00704175302511 2.11681446653 0.0011642906108 0.00301308888999 1.11980131392e-05
Sn 55 O 2.90647454635 0.00875416357857 2.13747609485 0.000994632843622 0.00386576784627 1.68394061972e-05
Sn 56 O 2.88399931463 0.0157294851277 2.19166090274 0.00156270474269 0.00528446210135 4.34377995922e-05
Sn 57 O 2.91981123415 0.00715328154117 2.13155745475 0.00112344653639 0.00350083519006 2.24504675248e-05
Sn 58 O 1.9623819395 0.00255137843397 2.06867606026 0.00101461808414 0.00222511665511 9.37042303724e-06
Sn 59 O 2.92366193736 0.00723648310288 2.1044927142 0.00112431310739 0.00311523228995 1.50286300079e-05
Sn 60 O 2.46929972523 0.148240685858 2.16448985375 0.00230315832915 0.0233031487907 0.000426057139508
Sn 61 O 2.50599742845 0.181260965649 2.16328874944 0.00357301116042 0.0343491015642 0.000610832732699
Sn 62 O 3.05795024693 0.16096643004 2.18739966338 0.0019995667039 0.0313425783165 0.000298598039856
Sr 63 O 5.33787782796 0.310615158141 2.5352595972 0.0019803880297 0.031478448667 0.000266880930116
Sr 64 O 5.56922568306 0.674909164442 2.58208896749 0.00354122274214 0.0453835441598 0.000384250557773
Sr 65 O 4.72534038089 0.039518379791 2.50794368834 0.0012094360502 0.00962787502716 6.38672937332e-05
Sr 66 O 4.25713726652 0.212576426915 2.53392240806 0.00273591421457 0.026083468596 0.000311812452421
Sr 67 O 4.89205371042 0.140035517247 2.50187013623 0.00144438599283 0.0152189935921 0.000172499753523
Sr 68 O 5.33178774509 0.196978315986 2.53838372748 0.00150743111745 0.0195462023761 0.000190928342611
Sr 69 O 4.09801371438 0.210851470742 2.50610054973 0.00220977222527 0.0321853121356 0.0003606151065
