Sn 1 O 2.8443084602 0.0327768338054 2.13470026527 0.00118592439348 0.00733165818424 0.000111351017649
Sn 2 O 2.85634735999 0.0308475762588 2.14400238964 0.00105830846621 0.00908419673631 0.000138156976715
Sn 3 O 1.88949723524 0.0203212299646 2.12269534018 0.00181507822156 0.00787317991904 0.000154376647499
Sn 4 O 2.91381265554 0.0533735386618 2.18230012943 0.00283679095625 0.0124201731496 0.000334361334754
Sn 5 O 2.87913949741 0.0142631960126 2.14549533071 0.000976815800003 0.00512391590415 3.0447349695e-05
Sn 6 O 2.92471274257 0.00723590114621 2.13541652768 0.00142742733598 0.00308887411038 1.30353543815e-05
Sn 7 O 2.90382683424 0.0103088689608 2.13713303237 0.00106304814857 0.00400063979805 1.97371750206e-05
Sn 8 O 3.02261030917 0.070062195155 2.15254261781 0.00182323795688 0.0132052336753 0.000279191399955
Sn 9 O 2.87692628842 0.0139223704558 2.13757623034 0.0010619993193 0.00551798667211 4.30516165637e-05
Sn 10 O 2.78226814664 0.0306179247436 2.1501231433 0.00100706615571 0.00983068497035 9.29926674025e-05
Sn 11 O 2.3137811917 0.170839484782 2.12435327553 0.00225878964546 0.00543898962452 7.41797121513e-05
Sn 12 O 2.87352096551 0.0240320794013 2.17067554652 0.00124138939158 0.00578319329176 7.47211033962e-05
Sn 13 O 2.9049835853 0.0107802350125 2.12567026727 0.000840224201922 0.00398014157954 2.39159043219e-05
Sn 14 O 2.96852648405 0.0540085810013 2.15886835766 0.00133904118171 0.0122512985742 0.00030626851664
Sn 15 O 2.85118524157 0.0270288037063 2.17072591974 0.00118909273318 0.00696279506279 8.40896852151e-05
Sn 16 O 2.83762313227 0.0183371810416 2.14797843873 0.00107461477528 0.00717394205369 4.93989282146e-05
Sn 17 O 2.89538929013 0.0411534575747 2.08512297476 0.00118973330476 0.0105512842572 0.000231337185994
Sn 18 O 2.87721439238 0.0142932138216 2.14118121721 0.00119684749234 0.0052635765505 3.11890361122e-05
Sn 19 O 2.81645519423 0.064077547223 2.13595077838 0.00143886071229 0.00564999620488 4.70950666298e-05
Sn 20 O 1.97432915285 0.00165086724455 2.06621981448 0.00133725471822 0.00151402387766 5.88433428815e-06
Sn 21 O 2.91403782587 0.00908183921067 2.12412376539 0.000957734229337 0.00387090836411 3.57970121605e-05
Sn 22 O 2.90866045577 0.00986086641519 2.14084862573 0.00121307452157 0.00381086596456 1.94270541486e-05
Sn 23 O 2.71538204088 0.0340998257306 2.10166429786 0.00130012459646 0.0138237571295 0.000134186760438
Sn 24 O 3.06347919259 0.102711476317 2.18102004371 0.00226817712809 0.0172619505883 0.000344347148735
Sn 25 O 2.83326440502 0.0270677865996 2.16622981973 0.00155046472158 0.00722359281313 5.76763131054e-05
Sn 26 O 2.74125586696 0.0434937719457 2.15773632561 0.00182105412319 0.0127397631287 0.000157242041281
Sn 27 O 2.78485928466 0.0369191248796 2.10268717407 0.00121993894642 0.00994915034003 0.000132082885016
Sn 28 O 3.00906134644 0.0699516477029 2.16520972882 0.00236120604221 0.0204053914825 0.000387007712409
Sn 29 O 2.82174534081 0.0284131025851 2.12723487002 0.00167463891752 0.00761240701609 5.94243875102e-05
Sn 30 O 2.86401461727 0.0158153075573 2.15492947797 0.00109570300931 0.00599099861031 3.86477212669e-05
Sn 31 O 3.08754480284 0.0978830842056 2.18435138897 0.00171665516816 0.0129736106803 0.000282484304649
Sn 32 O 2.73228893831 0.0397646756271 2.10524342361 0.00138582409955 0.0117478944998 0.000107114540695
Sn 33 O 2.87856828029 0.0140551228114 2.13778497571 0.00119949150648 0.00503940608091 2.6396101434e-05
Sn 34 O 2.92860820191 0.00644417903877 2.14090348091 0.00100582766056 0.00296470428958 1.18786708437e-05
Sn 35 O 1.96818596309 0.00277358623335 2.07815815196 0.00140629222437 0.00191949296812 1.10858127689e-05
Sn 36 O 2.90827489728 0.0190806021875 2.16404333082 0.00135213067764 0.0072100604138 0.00013554924713
Sn 37 O 2.89306577287 0.0343546737668 2.14335190374 0.00152479728757 0.00553112618661 6.53795348118e-05
Sn 38 O 2.88207113622 0.0127692467597 2.13765450257 0.00135905224563 0.00486555019982 2.27726534254e-05
Sn 39 O 2.92719784842 0.0220739501222 2.13601675628 0.00104242772862 0.00808506080192 0.000180164044597
Sn 40 O 3.14910395203 0.153818039326 2.18792382085 0.00349308567326 0.0109433702927 0.000177863647381
Sn 41 O 1.94299290329 0.00585990281727 2.09159373563 0.00142942644099 0.00352488646324 2.44909081714e-05
Sn 42 O 2.86930172224 0.0237263267486 2.15390704379 0.00123473913555 0.00566562165545 6.32102850263e-05
Sn 43 O 1.91695171659 0.00930030440351 2.06960106544 0.00130399998345 0.00513238989212 4.41505487129e-05
Sn 44 O 2.91209288232 0.00750902779912 2.12365706694 0.00114520324636 0.00363471226603 1.58665629782e-05
Sn 45 O 2.91932192558 0.00811538695821 2.1385594164 0.000782871502552 0.0034232042722 1.81413025914e-05
Sn 46 O 2.78715248551 0.153811400649 2.19321183754 0.00267396235993 0.0109737788686 0.000243844677097
Sn 47 O 3.28049872962 0.129351888289 2.23297784068 0.00230966055076 0.0241903915056 0.000328451054473
Sn 48 O 2.86107305342 0.0220440646239 2.11807710455 0.00155005787814 0.0058984084833 5.09786708751e-05
Sn 49 O 2.80931435237 0.0270776734186 2.09873439068 0.00117272312895 0.00754609612438 4.85351564691e-05
Sn 50 O 2.44217674055 0.145106178221 2.17476324749 0.00355197012309 0.020132717408 0.0005025563885
Sn 51 O 2.88278226222 0.0131342684982 2.1420925032 0.00119951977957 0.00509610714039 3.23769027361e-05
Sn 52 O 2.76146394964 0.0399927927757 2.14998624135 0.00112838606294 0.0115292112662 0.000149378165247
Sn 53 O 2.87844036491 0.0132958173843 2.14126071421 0.00104281269618 0.00521470712764 3.02391947753e-05
Sn 54 O 2.34929677695 0.18618713381 2.19085117406 0.00313419987715 0.0109699732256 0.000336522781309
Sn 55 O 2.92953072029 0.00658491405065 2.1634809638 0.00142281250247 0.00344901035964 2.88165229341e-05
Sn 56 O 2.91271914432 0.00812897437706 2.08595830211 0.000755911388902 0.00348097250757 1.40486567057e-05
Sn 57 O 2.92679405656 0.00526186294656 2.10537934128 0.00107605608624 0.00290598072138 8.50880628297e-06
Sn 58 O 2.85764903232 0.0222045718136 2.12124242845 0.00118783269368 0.00574813889856 4.02836127649e-05
Sn 59 O 2.91833596382 0.00930841068281 2.12390086473 0.00110497469653 0.0034297640469 1.97025100461e-05
Sn 60 O 2.83600632428 0.0335338000447 2.1462051218 0.00146329653612 0.00831784659075 9.16021570697e-05
Sn 61 O 2.89068927947 0.0140025337237 2.1562013624 0.00126433011796 0.00471779912146 3.18063099793e-05
Sn 62 O 2.86219495514 0.0180499087274 2.15338648291 0.00101203607406 0.00614157579254 4.46011195183e-05
Sr 63 O 4.81183897914 0.35719939059 2.50021648736 0.00222111528812 0.0306154696149 0.000311432245283
Sr 64 O 5.00553555597 0.270974905557 2.55658524713 0.00202622767652 0.0272777155459 0.000279238974199
Sr 65 O 4.80238677557 0.455181776182 2.56107117909 0.00248034399039 0.0377007269314 0.000410091598858
Sr 66 O 4.28903851373 0.222203512679 2.52508290756 0.00248859716318 0.0243426160475 0.000306374112005
Sr 67 O 4.81230687114 0.193264436383 2.5115367315 0.00183296700713 0.0271073721645 0.000279894032279
Sr 68 O 4.83655453006 0.268870038453 2.54141926029 0.0019646301224 0.034378019412 0.000404107603331
Sr 69 O 4.19364943342 0.522343758277 2.50025812665 0.00468817482551 0.0388740755297 0.000434573441626
