Sn 1 O 2.8040985024 0.028793764422 2.10335373452 0.00117397357102 0.0084684589261 7.2771503517e-05
Sn 2 O 2.46727414354 0.203098728882 2.14719933657 0.00302438492511 0.00588322965531 7.81029386816e-05
Sn 3 O 2.34844897831 0.108594075356 2.07962251506 0.00153845887878 0.0198723077281 0.000484801645469
Sn 4 O 2.93166633875 0.00735178262289 2.12626306168 0.000881862013351 0.00431188098288 7.47086690633e-05
Sn 5 O 2.91611160484 0.00840848498857 2.11958980218 0.00102734841307 0.00344543640455 1.53831629247e-05
Sn 6 O 1.967161532 0.00267235215209 2.0508484925 0.00104373164753 0.00192799616496 1.00527735855e-05
Sn 7 O 2.91559067408 0.00781054831697 2.07126643962 0.000807980595177 0.00332440643325 1.30962008563e-05
Sn 8 O 2.77899072146 0.0499127214372 2.1360104902 0.00143857454408 0.0104303006714 0.000156467563856
Sn 9 O 2.88578084845 0.0144892238499 2.13034694686 0.00109006361264 0.00497415039268 4.02631287203e-05
Sn 10 O 2.91075268792 0.00855616454606 2.12781552511 0.000992090060438 0.00371605871807 1.69003020997e-05
Sn 11 O 2.90667200636 0.00902538274949 2.13056365145 0.000909739105444 0.00398813599292 2.23125504913e-05
Sn 12 O 2.8669108093 0.0238940823278 2.14484605776 0.00149474847428 0.00943272529663 0.000197419326398
Sn 13 O 2.90461492185 0.0483822940901 2.16800569059 0.00173319261988 0.0137391500796 0.000275572634647
Sn 14 O 2.89453713639 0.0147304081077 2.15255852122 0.00123318503416 0.00487545020208 4.72597066524e-05
Sn 15 O 2.82583252473 0.0374342398952 2.14413733619 0.00139726957123 0.00768338247902 9.44833320661e-05
Sn 16 O 2.78211174805 0.046842390862 2.14659019998 0.00158255325707 0.0106447246513 0.000149547635482
Sn 17 O 1.97346877442 0.00119310982366 2.09144490196 0.00148809986764 0.00159097623676 4.25036154202e-06
Sn 18 O 2.92093333881 0.00731556723116 2.11991868455 0.00100576005412 0.0031890729062 1.20606976091e-05
Sn 19 O 2.86464551437 0.0196751984982 2.15997543679 0.00115656937915 0.00601060875238 4.5357589522e-05
Sn 20 O 2.86813204568 0.0184440855675 2.15537001119 0.00125365041783 0.00579874870318 4.25058543053e-05
Sn 21 O 2.86900654865 0.0248833664087 2.13772240097 0.00115481922009 0.00559744791418 5.5264032632e-05
Sn 22 O 2.82960833849 0.0235898582544 2.12993350197 0.00108649916766 0.0076511944158 7.00785533286e-05
Sn 23 O 2.88509783124 0.0157426696768 2.15874410269 0.000989495584571 0.00489995781622 3.16179904861e-05
Sn 24 O 3.22873823372 0.113248413478 2.21995861035 0.0023728185122 0.0222658953868 0.000315993672728
Sn 25 O 2.92115921619 0.00925121141301 2.15800371427 0.00104286548901 0.00355205236728 2.93601577894e-05
Sn 26 O 2.88790206323 0.0157408958505 2.17059297469 0.00171068856519 0.00529112203708 4.46845706948e-05
Sn 27 O 2.92319250061 0.00616813659741 2.1329699688 0.000849283438016 0.00312275892568 1.01677290711e-05
Sn 28 O 2.90143665077 0.0313877838357 2.18271965596 0.0013899949727 0.0102588869269 0.000197174640149
Sn 29 O 3.05263674494 0.102817286064 2.15060097509 0.00170101411843 0.0248019050229 0.000375024537907
Sn 30 O 2.75121242663 0.0352923203489 2.12763550081 0.000991772673514 0.0111509249628 9.36961723754e-05
Sn 31 O 2.74513263806 0.0546747826864 2.1396524523 0.00156235575976 0.0112024517122 0.000141310661365
Sn 32 O 2.66142722051 0.07288966608 2.12304074361 0.00145027537574 0.0154928844687 0.000242924052892
Sn 33 O 2.72756898073 0.0515442299235 2.16330447347 0.00151313412644 0.0139639741856 0.000194084535095
Sn 34 O 2.87944756338 0.014403175752 2.15006669531 0.00106114917047 0.00516344355809 3.24928138474e-05
Sn 35 O 2.89102767026 0.0115873471158 2.13018058684 0.000970930285702 0.00450246757127 2.09238055574e-05
Sn 36 O 1.94552052989 0.0086176269346 2.08941679094 0.00163731821191 0.00542978104835 0.000112961570316
Sn 37 O 2.75904939179 0.0610030022067 2.18223904393 0.00208619680861 0.012083240508 0.000264288661079
Sn 38 O 2.79259293528 0.0283889697786 2.12157554937 0.000736439036268 0.00855260163846 6.0418632408e-05
Sn 39 O 3.06806139597 0.115605003107 2.16284266596 0.00285337623369 0.0167591890477 0.000342465548949
Sn 40 O 2.64650888429 0.0751787273586 2.13805283881 0.00128287206274 0.0160877007924 0.000215286618336
Sn 41 O 2.58499441065 0.132804630787 2.1415404863 0.00229716062249 0.0206789265074 0.000408927731691
Sn 42 O 2.83883044056 0.0298328293368 2.15277694294 0.00144726579935 0.00690711078769 6.34630951835e-05
Sn 43 O 2.80701230922 0.0287550262158 2.12447827747 0.00109376980713 0.00828771682117 6.47425851564e-05
Sn 44 O 2.85498609759 0.0193691018875 2.13736628059 0.00120701523139 0.0063993813759 5.00022110571e-05
Sn 45 O 2.04176502819 0.0598707197538 2.10628707671 0.00167957513871 0.00989304331786 0.00027891107645
Sn 46 O 2.80093425442 0.0354458528165 2.13780165219 0.00116071199155 0.00906586418576 0.000106307630182
Sn 47 O 2.13375742896 0.0969018416934 2.1559947847 0.00240719300355 0.0219142519991 0.000619804248915
Sn 48 O 2.53011610589 0.104880890809 2.17532402687 0.0024293906914 0.0221269110159 0.000438378551202
Sn 49 O 2.63669838382 0.0651308643906 2.14776326908 0.00184989354628 0.0165798443739 0.000186959348809
Sn 50 O 2.84399905008 0.0203941451131 2.1584450173 0.00120175747231 0.00666512905314 4.21149210682e-05
Sn 51 O 1.96831033651 0.00209932373812 2.06275930768 0.00112129118915 0.001861766552 7.50710800134e-06
Sn 52 O 2.87680317898 0.0159701258626 2.12689161801 0.0011793466445 0.0051680575286 3.16326337804e-05
Sn 53 O 2.39258153691 0.118076362977 2.10511221233 0.00224353321987 0.0190126878884 0.000334901244778
Sn 54 O 2.83780968496 0.0220668148659 2.17790054287 0.00142940417351 0.00739480605779 6.32300885262e-05
Sn 55 O 2.87513384612 0.01769696614 2.11321379802 0.000908075293442 0.00530333692598 4.56608866345e-05
Sn 56 O 2.89314338017 0.0119464674221 2.144394373 0.00132869830894 0.00450890714616 2.32936878691e-05
Sn 57 O 3.09439958987 0.085565942869 2.23848555368 0.00223493196645 0.0188619003614 0.000417179314694
Sn 58 O 2.91696176002 0.00798574579046 2.11341966068 0.00114311132624 0.00337966354566 1.45584846365e-05
Sn 59 O 1.97614113246 0.00110364165378 2.05863427789 0.00128455585276 0.0013933265758 3.72813539557e-06
Sn 60 O 2.8857952744 0.0149579616123 2.16562792486 0.00117370210618 0.00501648263313 3.46513848586e-05
Sn 61 O 3.07548508218 0.0745576683655 2.20189031136 0.00174787486787 0.016244399348 0.000356899110798
Sn 62 O 2.90362245886 0.0105502886574 2.17582452828 0.000953134637318 0.00431053689037 2.60968483558e-05
Sr 63 O 4.02751442289 0.196648612784 2.48008470351 0.00225280317959 0.0372881401006 0.000481980227938
Sr 64 O 5.48641678444 0.112021997606 2.52848757568 0.00109880703884 0.0162501978296 0.000133809314774
Sr 65 O 4.64479352338 0.139374282682 2.49117218553 0.00188289781939 0.0222975460123 0.000271561043343
Sr 66 O 4.6767826889 0.246226820314 2.55167336832 0.0027066989177 0.0272975761508 0.000307348621333
Sr 67 O 4.49508055437 0.107628310333 2.52564877118 0.00176579912258 0.019033594662 0.000203059768045
Sr 68 O 3.70711777256 0.0931680623388 2.47442113622 0.00173504018942 0.0173650766155 0.000351842870152
Sr 69 O 4.80510540804 0.293630314616 2.51190260761 0.00234077977674 0.0333143043587 0.000319806124429
