0.0625		0	0	0	0	0	0	0	0	0	0	0	0	0	0	0	0	0	0	0
0.125		0	0	0	0	0	0	0	0	0	0	0	0	0	0	0	0	0	0	0
0.1875		0	0	0	0	0	0	0	0	0	0	0	0	0	0	0	0	0	0	0
0.25		0	0	0	0	0	0	0	0	0	0	0	0	0	0	0	0	0	0	0
0.3125		0	0	0	0	0	0	0	0	0	0	0	0	0	0	0	0	0	0	0
0.375		0	0	0	0	0	0	0	0	0	0	0	0	0	0	0	0	0	0	0
0.4375		0	0	0	0	0	0	0	0	0	0	0	0	0	0	0	0	0	0	0
0.5		0	0	0	0	0	0	0	0	0	0	0	0	0	0	0	0	0	0	0
0.5625		0	0	0	0	0	0	0	0	0	0	0	0	0	0	0	0	0	0	0
0.625		0	0	0	0	0	0	0	0	0	0	0	0	0	0	0	0	0	0	0
0.6875		0	0	0	0	0	0	0	0	0	0	0	0	0	0	0	0	0	0	0
0.75		0	0	0	0	0	0	0	0	0	0	0	0	0	0	0	0	0	0	0
0.8125		0	0	0	0	0	0	0	0	0	0	0	0	0	0	0	0	0	0	0
0.875		0	0	0	0	0	0	0	0	0	0	0	0	0	0	0	0	0	0	0
0.9375		0	0	0	0	0	0	0	0	0	0	0	0	0	0	0	0	0	0	0
1		0	0	0	0	0	0	0	0	0	0	0	0	0	0	0	0	0	0	0
1.0625		0	0	0	0	0	0	0	0	0	0	0	0	0	0	0	0	0	0	0
1.125		0	0	0	0	0	0	0	0	0	0	0	0	0	0	0	0	0	0	0
1.1875		0	0	0	0	0	0	0	0	0	0	0	0	0	0	0	0	0	0	0
1.25		0	0	0	0	0	0	0	0	0	0	0	0	0	0	0	0	0	0	0
1.3125		0	0	0	0	0	0	0	0	0	0	0	0	0	0	0	0	0	0	0
1.375		0	0	0	0	0	0	0	0	0	0	0	0	0	0	0	0	0	0	0
1.4375		0	0	0	0	0	0	0	0	0	0	0	0	0	0	0	0	0	0	0
1.5		0	0	0	0	0	0	0	0	0	0	0	0	0	0	0	0	0	0	0
1.5625		0	0	0	0	0	0	0	0	0	0	0	0	0	0	0	0	0	0	0
1.625		0	0	0	0	0	0	0	0	0	0	0	0	0	0	0	0	0	0	0
1.6875		0	0	0	0	0	0	0	0	0	0	0	0	0	0	0	0	0	0	0
1.75		0.0001	0.0007	0.00125	0.00145	0.00445	0.0004	0.0011	0.0011	0.00075	0.00475	0.00435	0.0024	0.0064	0.00415	0.00495	0.00755	0.00565	0.0186	0.00445
1.8125		0.0306	0.0752	0.0898	0.1237	0.1271	0.13035	0.15055	0.14915	0.1712	0.23815	0.23395	0.2735	0.2799	0.274	0.31415	0.3792	0.3757	0.39315	0.4442
1.875		0.3232	0.5271	0.73265	0.8889	1.05325	1.1824	1.2578	1.3303	1.56095	1.8318	2.0925	2.265	2.14565	2.4106	2.6675	2.87685	2.99455	3.2479	3.32515
1.9375		0.8833	1.0028	1.1951	1.29175	1.36605	1.44845	1.51365	1.58405	1.70135	1.8543	2.0058	2.2132	2.2952	2.50995	2.7557	2.90705	3.16095	3.3907	3.4414
2		1.2978	1.2626	1.1946	1.2113	1.2394	1.2151	1.2488	1.28985	1.2799	1.2852	1.3713	1.4009	1.81965	1.76685	1.8753	2.13785	2.2723	2.3757	2.58985
2.0625		1.9198	1.8437	1.8632	1.88755	1.9264	1.9444	2.1133	2.1178	2.1063	2.23175	2.47265	2.5503	2.9547	2.99225	3.3274	3.61405	3.84695	4.01665	4.3824
2.125		2.7362	3.0122	3.2642	3.3456	3.40575	3.6423	3.77835	3.958	4.0457	4.32115	4.6925	5.0046	5.40305	5.8092	6.36315	6.7245	7.2076	7.6621	8.10505
2.1875		2.7196	3.2256	3.5202	3.69395	3.8671	4.0859	4.20995	4.3998	4.57015	4.86975	5.3317	5.80755	6.15275	6.6872	7.02385	7.5117	8.0795	8.6035	9.2987
2.25		2.0183	2.2662	2.4779	2.61175	2.7173	2.7665	2.89945	3.0327	3.11585	3.3446	3.54025	3.8164	4.17055	4.5298	4.6829	4.984	5.2596	5.62845	6.2214
2.3125		1.2652	1.2662	1.3749	1.36255	1.4229	1.417	1.4824	1.52125	1.5587	1.66135	1.70045	1.85295	2.0486	2.1826	2.29785	2.40795	2.5847	2.75105	3.01285
2.375		0.7227	0.6514	0.7037	0.6609	0.6836	0.6906	0.66785	0.7127	0.7014	0.75415	0.75575	0.85895	0.88215	0.9868	1.0458	1.0328	1.16885	1.24205	1.29505
2.4375		0.4784	0.4052	0.4185	0.3868	0.3688	0.39775	0.3447	0.38125	0.38305	0.39075	0.3492	0.423	0.4425	0.5374	0.51315	0.5347	0.5555	0.64055	0.64855
2.5		0.4325	0.3548	0.339	0.31425	0.29495	0.2996	0.26815	0.2862	0.3051	0.29425	0.28145	0.311	0.3524	0.38575	0.4083	0.3776	0.39865	0.44695	0.49795
2.5625		0.5124	0.4016	0.37635	0.3711	0.3494	0.3512	0.32575	0.35365	0.33575	0.34205	0.3264	0.34685	0.4393	0.4556	0.46315	0.45695	0.5025	0.55205	0.58665
2.625		0.6535	0.5475	0.5114	0.4848	0.48995	0.496	0.47275	0.48815	0.4519	0.45365	0.4552	0.5085	0.62535	0.66155	0.6292	0.6494	0.748	0.8049	0.90675
2.6875		0.8225	0.7246	0.6785	0.6589	0.6518	0.66705	0.6614	0.64665	0.63735	0.62765	0.6611	0.72515	0.8264	0.9139	0.92245	0.9347	1.09535	1.1513	1.27245
2.75		1.0156	0.8912	0.84885	0.7949	0.7951	0.8148	0.8029	0.80515	0.787	0.807	0.82795	0.92605	1.005	1.1329	1.16855	1.27035	1.38865	1.44355	1.55315
2.8125		1.124	0.9897	0.9772	0.9233	0.9085	0.9196	0.94605	0.927	0.8964	0.9069	0.9564	1.02215	1.0731	1.2361	1.2824	1.4386	1.515	1.5675	1.66485
2.875		1.164	1.0477	1.03205	1.0023	0.9687	0.971	0.9975	0.99635	0.9706	0.964	1.04805	1.08865	1.1713	1.2762	1.3915	1.4451	1.60155	1.649	1.7806
2.9375		1.1606	1.0452	1.0214	1.01195	0.99805	1.02045	1.0535	1.0568	1.02845	1.0529	1.1559	1.18895	1.2794	1.3602	1.513	1.52295	1.6805	1.81335	1.9404
3		1.0804	1.0427	0.9843	1.03325	1.0127	1.05175	1.05885	1.11645	1.101	1.1743	1.2761	1.358	1.40855	1.49255	1.6673	1.72155	1.8604	2.00535	2.1613
3.0625		1.0128	1.0097	0.97875	1.0403	1.02655	1.0775	1.07845	1.13745	1.1507	1.2488	1.39	1.46795	1.5272	1.6005	1.77585	1.8749	2.0357	2.17815	2.30855
3.125		0.969	0.9676	0.95455	1.02035	0.981	1.04135	1.07295	1.08965	1.1526	1.2584	1.35405	1.4834	1.542	1.6332	1.7869	1.91305	2.0549	2.20665	2.3315
3.1875		0.984	0.9586	0.92405	0.9618	0.95485	1.0077	1.0274	1.0381	1.11	1.1752	1.231	1.37885	1.44735	1.57955	1.68455	1.8053	1.98055	2.08685	2.1796
3.25		0.972	0.9718	0.95575	0.98045	0.974	0.96805	0.9918	1.00375	1.0579	1.10155	1.1986	1.27775	1.4016	1.5158	1.57515	1.72105	1.90125	1.9976	2.04615
3.3125		0.9736	0.9863	0.98165	0.986	0.98075	0.9866	0.98015	0.99835	1.0335	1.0707	1.18095	1.23915	1.33375	1.47835	1.4597	1.64505	1.8046	1.88705	1.9861
3.375		1.0107	1.021	0.99755	0.9694	0.98635	0.9786	0.99525	1.01425	0.98	1.04075	1.109	1.16285	1.2467	1.3956	1.40985	1.52915	1.60355	1.74325	1.84465
3.4375		1.0567	1.0458	0.98605	0.9364	0.9626	0.925	0.9438	0.97035	0.9127	0.9615	0.9992	1.06355	1.13405	1.25765	1.2732	1.33765	1.4404	1.5334	1.6457
3.5		1.0604	1.0221	0.98055	0.94745	0.904	0.88245	0.8813	0.91915	0.9024	0.91515	0.9303	0.97635	1.02735	1.11985	1.15285	1.21905	1.29305	1.3988	1.47735
3.5625		1.0577	1.0101	0.97635	0.949	0.9039	0.89025	0.9072	0.92455	0.89455	0.8926	0.90695	0.96635	1.01985	1.0979	1.13825	1.2126	1.27385	1.388	1.44965
3.625		1.0581	1.0475	1.0034	0.95685	0.91875	0.9233	0.9345	0.9473	0.89945	0.919	0.97885	0.99885	1.0727	1.1371	1.20185	1.32375	1.35375	1.4514	1.54945
3.6875		1.0981	1.0793	1.0277	1.0083	0.9917	0.97405	0.9733	0.99735	0.9639	0.9745	1.07065	1.10005	1.18495	1.2186	1.3327	1.44325	1.47865	1.51135	1.65265
3.75		1.0952	1.0835	1.0457	1.0495	1.0387	1.0189	1.0425	1.034	1.0319	1.035	1.11745	1.1495	1.24825	1.28655	1.39855	1.4976	1.57635	1.6414	1.73145
3.8125		1.1064	1.0745	1.06625	1.0779	1.05755	1.073	1.0971	1.08675	1.09615	1.0942	1.17795	1.21945	1.31555	1.3428	1.4981	1.5642	1.68795	1.72005	1.84075
3.875		1.1215	1.1045	1.0819	1.09525	1.1085	1.10575	1.11685	1.09965	1.1243	1.10015	1.18965	1.2458	1.34965	1.3707	1.54635	1.5884	1.71725	1.78895	1.96455
3.9375		1.1184	1.1293	1.1036	1.1068	1.08095	1.10025	1.1081	1.0891	1.11865	1.1266	1.1916	1.2485	1.351	1.3811	1.5016	1.5995	1.72155	1.7695	1.93005
4		1.1012	1.1022	1.0935	1.0874	1.0501	1.06775	1.0655	1.0856	1.0794	1.11225	1.13355	1.1828	1.28155	1.31855	1.4304	1.5089	1.63165	1.72055	1.7994
4.0625		1.039	1.034	1.02175	1.04275	0.9946	1.02295	0.9871	1.0037	1.00225	1.039	1.03975	1.06715	1.1754	1.25355	1.33545	1.3903	1.48805	1.5861	1.68855
4.125		0.9472	0.9769	0.95495	0.9666	0.95025	0.95765	0.9274	0.93035	0.913	0.9509	0.96865	0.9668	1.07295	1.164	1.21785	1.2778	1.3853	1.4617	1.5559
4.1875		0.8823	0.9063	0.91025	0.91355	0.90475	0.9012	0.8773	0.871	0.8746	0.8996	0.93215	0.91535	1.0085	1.0683	1.1397	1.2009	1.29185	1.3297	1.42885
4.25		0.8298	0.869	0.8794	0.87535	0.8496	0.87135	0.83915	0.8284	0.85705	0.8648	0.88715	0.92575	0.93975	1.0173	1.05075	1.16035	1.22125	1.21905	1.35015
4.3125		0.8396	0.8508	0.8599	0.8648	0.84805	0.85615	0.8266	0.8196	0.84525	0.83915	0.8703	0.9114	0.92855	1.0091	1.04925	1.118	1.1964	1.1906	1.2945
4.375		0.8263	0.8477	0.855	0.8657	0.8437	0.8648	0.83995	0.80625	0.8597	0.8374	0.87785	0.91535	0.9253	1.02975	1.05385	1.0857	1.16335	1.1755	1.26785
4.4375		0.8594	0.8516	0.8752	0.88185	0.85935	0.86135	0.8744	0.8524	0.86905	0.8585	0.86315	0.90875	0.94185	1.0485	1.0845	1.10235	1.19895	1.20325	1.273
4.5		0.874	0.866	0.8939	0.8966	0.88375	0.89695	0.8967	0.87525	0.91205	0.87755	0.9056	0.93275	0.974	1.06725	1.11345	1.1404	1.2391	1.2337	1.3049
4.5625		0.9017	0.8986	0.9221	0.93525	0.931	0.9314	0.93905	0.9317	0.9399	0.91825	0.96315	0.99785	1.03045	1.0916	1.15925	1.20035	1.3088	1.29545	1.3299
4.625		0.9417	0.939	0.97395	0.9707	0.9854	0.97925	0.98415	0.96755	0.97695	0.97175	1.01975	1.05565	1.0896	1.13075	1.19945	1.26235	1.3691	1.37325	1.4457
4.6875		0.9924	0.9915	1.01645	1.00445	1.03885	1.01435	1.02285	1.0061	1.0192	1.02705	1.0758	1.1131	1.13995	1.1836	1.2568	1.31115	1.4174	1.4379	1.53035
4.75		1.0249	1.0166	1.03535	1.0362	1.0707	1.04795	1.0556	1.04215	1.04485	1.07405	1.11205	1.128	1.16545	1.233	1.29005	1.36675	1.46245	1.4713	1.5687
4.8125		1.0298	1.0357	1.0558	1.04	1.08835	1.074	1.06175	1.07515	1.06455	1.10945	1.1508	1.1604	1.19495	1.26715	1.3269	1.3985	1.47805	1.5085	1.5809
4.875		1.0329	1.0437	1.06975	1.04105	1.07845	1.0679	1.0623	1.071	1.0775	1.117	1.15795	1.1513	1.17735	1.23915	1.29595	1.40985	1.4734	1.49315	1.58815
4.9375		1.0348	1.0434	1.0557	1.0486	1.04955	1.0573	1.04665	1.0728	1.07605	1.08855	1.13755	1.14645	1.1865	1.2287	1.26185	1.35875	1.4442	1.50475	1.5433
5		1.0261	1.0208	1.0384	1.03585	1.0276	1.04545	1.0466	1.0445	1.0539	1.07145	1.116	1.13325	1.15225	1.2018	1.23665	1.3461	1.43095	1.4857	1.5283
5.0625		1.0231	1.0385	1.0294	1.0208	1.0221	1.03635	1.03805	1.0333	1.0257	1.0578	1.0912	1.12475	1.14565	1.17535	1.22965	1.3111	1.40625	1.47955	1.5098
5.125		1.0326	1.0198	1.01625	1.01675	1.0068	1.02545	1.028	1.0157	1.0131	1.04095	1.0729	1.10185	1.1159	1.1609	1.20235	1.2812	1.36455	1.45305	1.47515
5.1875		1.0364	1.0279	1.0036	1.01335	1.00645	1.0047	1.0057	1.00285	1.0081	1.02155	1.0576	1.06805	1.08485	1.14365	1.1985	1.2487	1.3148	1.416	1.44195
5.25		1.0419	1.0417	1.00415	1.01685	0.99355	0.98625	0.99175	0.97605	0.9881	1.00395	1.02905	1.0382	1.06315	1.09585	1.13775	1.218	1.28195	1.3745	1.41955
5.3125		1.0213	1.0388	1.0095	0.99105	0.9864	0.99015	0.986	0.9696	0.955	0.97705	0.9968	1.01265	1.04095	1.076	1.1118	1.19345	1.2464	1.29855	1.371
5.375		1.0295	1.0274	1.0094	0.99145	0.9786	0.99025	0.9819	0.96735	0.94075	0.94075	0.9705	0.97195	1.0207	1.03925	1.0789	1.14125	1.2235	1.23395	1.28695
5.4375		1.0331	1.0193	1.00635	0.9979	0.9691	0.966	0.95565	0.9548	0.9389	0.93675	0.95605	0.9485	0.9952	1.04455	1.04885	1.1002	1.21775	1.20175	1.251
5.5		1.0291	1.0203	1.0012	0.9853	0.98265	0.96565	0.95245	0.9484	0.9419	0.93655	0.94845	0.9363	0.98345	1.0458	1.04225	1.1212	1.1714	1.17665	1.20055
5.5625		1.0126	1.0139	0.9973	0.98445	0.97915	0.9653	0.93555	0.94815	0.94485	0.94305	0.9544	0.9332	0.9978	1.0298	1.03185	1.1175	1.1457	1.1564	1.17185
5.625		0.9877	1.0008	0.9952	0.9877	0.98875	0.9728	0.9429	0.95145	0.94605	0.94575	0.9589	0.9504	0.98335	1.01665	1.03505	1.0867	1.1357	1.1443	1.16895
5.6875		0.9981	0.9939	0.99345	0.98465	0.9818	0.96845	0.94965	0.95295	0.9489	0.9397	0.95935	0.9578	0.9853	1.00955	1.03035	1.07285	1.13685	1.15345	1.17485
5.75		0.9887	0.9918	0.9913	0.98815	0.9847	0.96015	0.9594	0.9582	0.9515	0.9491	0.9563	0.9782	0.9632	1.006	1.01605	1.0681	1.1288	1.133	1.1578
5.8125		0.9754	0.9707	0.97865	0.97635	0.98565	0.96665	0.9591	0.96045	0.96035	0.9519	0.9522	0.9772	0.95815	1.0017	1.0125	1.0574	1.1096	1.1491	1.13215
5.875		0.9525	0.9744	0.97745	0.97445	0.97345	0.96835	0.96995	0.96815	0.9411	0.9536	0.94485	0.95785	0.9335	1.008	1.0159	1.052	1.08745	1.1297	1.1435
5.9375		0.9519	0.9784	0.95725	0.9575	0.964	0.95875	0.96075	0.95805	0.94985	0.93615	0.9439	0.9431	0.93545	1.00065	1.0087	1.05235	1.0881	1.1161	1.12665
6		0.9366	0.9582	0.9491	0.9464	0.951	0.94915	0.9522	0.9444	0.9338	0.93725	0.9406	0.94235	0.9277	0.99055	0.98455	1.03895	1.0786	1.09215	1.1233
6.0625		0.9338	0.9543	0.9493	0.9565	0.95575	0.9363	0.94305	0.94035	0.9285	0.9403	0.9274	0.92515	0.92455	0.97565	0.9726	1.02715	1.06205	1.09035	1.09965
6.125		0.9405	0.9504	0.9445	0.95535	0.9538	0.92695	0.943	0.9332	0.9475	0.92415	0.9212	0.9382	0.9255	0.97825	0.95425	1.0159	1.04765	1.0843	1.09445
6.1875		0.9519	0.951	0.93845	0.93805	0.948	0.9208	0.93355	0.9227	0.9524	0.9246	0.9075	0.9327	0.91485	0.97815	0.9559	1.00445	1.0362	1.06795	1.0783
6.25		0.9571	0.9402	0.93745	0.93565	0.93845	0.9254	0.9298	0.9285	0.9444	0.92265	0.9044	0.919	0.90745	0.96675	0.9427	0.98335	1.0332	1.0545	1.06755
6.3125		0.953	0.953	0.9407	0.941	0.94345	0.93935	0.9318	0.9311	0.9439	0.92325	0.9105	0.90865	0.9051	0.95	0.9497	0.98255	1.0213	1.04585	1.05015
6.375		0.9674	0.9597	0.93925	0.9349	0.9517	0.95455	0.94545	0.93975	0.93955	0.9169	0.91615	0.9254	0.90265	0.9472	0.95135	1.014	1.03275	1.0543	1.0464
6.4375		0.9736	0.955	0.9356	0.94415	0.95595	0.9586	0.9496	0.9508	0.93425	0.90865	0.91445	0.9273	0.9051	0.9451	0.9478	1.00985	1.05135	1.0504	1.0539
6.5		1.0013	0.9611	0.94755	0.9537	0.9649	0.95925	0.9595	0.94935	0.94485	0.93155	0.9234	0.9279	0.91985	0.9452	0.9523	0.9961	1.05105	1.04885	1.05785
6.5625		0.9946	0.9685	0.96035	0.97805	0.973	0.96485	0.9545	0.962	0.9508	0.9432	0.94905	0.9293	0.9167	0.93785	0.96645	0.99485	1.0518	1.05165	1.0596
6.625		1.0159	0.9874	0.97785	0.9824	0.9766	0.97575	0.9607	0.96945	0.9638	0.95305	0.9609	0.9329	0.92335	0.9442	0.96605	0.99895	1.0504	1.06295	1.07355
6.6875		1.0329	0.9823	0.99235	0.98445	1.004	0.98725	0.9796	0.97685	0.9776	0.9548	0.9556	0.93875	0.93055	0.9519	0.96065	1.00975	1.0539	1.07945	1.08295
6.75		1.0239	1.0017	1.00575	0.9986	1.01255	0.98515	0.9818	0.981	0.96775	0.95395	0.9614	0.9482	0.94515	0.93945	0.96795	1.01585	1.0722	1.07905	1.0937
6.8125		1.0226	1.0139	1.027	1.0105	1.01535	0.99095	0.98665	0.99065	0.98655	0.96445	0.9686	0.9465	0.9486	0.95955	0.96355	1.01035	1.06365	1.08115	1.08085
6.875		1.0397	1.0225	1.0293	1.01155	1.0144	0.99975	0.99365	0.99805	0.98515	0.975	0.9714	0.95835	0.95725	0.9884	0.9566	1.0101	1.04895	1.0821	1.07935
6.9375		1.0372	1.0195	1.0342	1.0144	1.01275	0.9985	1.00175	0.9962	1.0001	0.9737	0.98495	0.97395	0.9513	0.98015	0.9641	1.01885	1.04535	1.06995	1.0772
7		1.039	1.0357	1.03685	1.01295	1.0197	0.99895	1.0107	1.00445	1.0063	0.98845	0.99475	0.984	0.95635	0.9794	0.96335	1.0249	1.05995	1.0742	1.06255
7.0625		1.0492	1.0471	1.03915	1.01645	1.02115	1.01015	1.0139	1.0002	0.9949	0.9903	0.98985	0.9717	0.97555	0.98365	0.97125	1.0081	1.0617	1.0866	1.0709
7.125		1.0569	1.0578	1.03485	1.0251	1.01505	1.0086	1.0166	1.003	0.994	0.98355	0.9873	0.97415	0.97305	0.98295	0.9814	1.00765	1.0618	1.0907	1.0644
7.1875		1.0499	1.0643	1.03875	1.03295	1.0186	1.0056	1.01845	1.0171	0.9886	0.99815	0.97615	0.98475	0.9813	0.9898	0.97105	1.0094	1.05125	1.0908	1.06015
7.25		1.028	1.0546	1.03155	1.0366	1.03985	1.02565	1.02775	1.011	1.00305	1.00155	0.9816	0.98125	0.97645	0.98585	0.9761	1.0002	1.0632	1.0847	1.07145
7.3125		1.0419	1.0515	1.0286	1.04855	1.04345	1.04365	1.0274	1.0099	1.0047	1.00855	0.9807	0.9875	0.98205	0.99135	0.97465	0.98975	1.05765	1.08235	1.0639
7.375		1.0336	1.0454	1.03805	1.0514	1.04435	1.0433	1.0304	1.0234	1.01485	1.00555	0.9807	0.975	0.98195	1.01345	0.98655	1.01875	1.0578	1.0657	1.0831
7.4375		1.0315	1.0417	1.0433	1.0569	1.05205	1.04675	1.0303	1.0299	1.0239	1.001	0.99115	0.992	0.9854	1.0116	0.9768	1.0288	1.0578	1.07095	1.0746
7.5		1.0246	1.0424	1.04905	1.04635	1.0453	1.0539	1.03185	1.0342	1.0208	1.0141	1	0.98925	0.9921	1.025	0.9865	1.0271	1.07135	1.05435	1.06575
7.5625		1.0383	1.035	1.043	1.04345	1.05045	1.04595	1.03315	1.0453	1.0241	1.0225	1.00865	0.98925	1.00005	1.0246	0.99315	1.02715	1.0611	1.05645	1.06475
7.625		1.042	1.0395	1.03635	1.0425	1.0551	1.05515	1.03685	1.04935	1.02735	1.0229	1.00595	0.99195	0.99805	1.0147	0.99375	1.0303	1.0416	1.0605	1.04955
7.6875		1.0195	1.0368	1.03885	1.04025	1.0511	1.042	1.0549	1.0451	1.01995	1.02415	1.0124	1.0082	1.0026	1.01225	0.99575	1.0369	1.0429	1.0692	1.0499
7.75		1.0141	1.0364	1.0362	1.04035	1.0409	1.0418	1.05645	1.0348	1.034	1.0251	1.02075	0.9981	0.9928	1.00805	1.0073	1.03465	1.04565	1.07445	1.04825
7.8125		1.0031	1.0192	1.0278	1.03265	1.04275	1.0437	1.04815	1.0404	1.031	1.0332	1.0241	1.0127	0.99145	1.00485	0.99995	1.0337	1.04485	1.0601	1.04785
7.875		0.9907	1.0178	1.02135	1.03195	1.03865	1.0371	1.055	1.04865	1.027	1.0212	1.0174	1.0084	0.9938	1.00345	1.00015	1.01865	1.0356	1.05335	1.04055
7.9375		0.989	0.9996	1.0202	1.02515	1.02755	1.04095	1.0492	1.0354	1.0262	1.0169	1.00985	0.9833	0.98825	1.0009	0.9902	1.0046	1.03695	1.05185	1.04325
8		0.9964	0.9842	1.0149	1.0123	1.02375	1.03215	1.02925	1.0426	1.02625	1.0115	1.00165	0.9884	0.97985	0.9977	0.9916	0.99325	1.02485	1.04495	1.0308
8.0625		0.9809	0.9761	1.0003	1.01515	1.01085	1.0218	1.02425	1.0369	1.0292	1.00915	0.98235	0.99555	0.9687	0.97965	0.97935	0.99305	1.0162	1.02825	1.01765
8.125		0.9786	0.9795	0.9986	1.0129	1.01345	1.0142	1.0117	1.02775	1.0243	1.00495	0.9877	0.9824	0.96815	0.96685	0.96705	0.9799	1.0056	1.02415	0.99735
8.1875		0.9603	0.9825	0.9931	1.0112	1.0077	1.00535	1.00745	1.0085	1.02325	0.99015	0.995	0.97775	0.9677	0.9572	0.9634	0.98815	0.99485	1.0109	1.0017
8.25		0.9676	0.9729	0.9938	1.00105	1.0013	1.0048	1.00535	0.99945	1.01825	0.991	0.9839	0.9689	0.94575	0.95935	0.94465	0.98625	0.9911	1.0077	0.9908
8.3125		0.9674	0.9723	0.99125	0.9985	0.993	0.9972	1.00165	1.0035	1.01415	0.98425	0.9787	0.96275	0.9522	0.9632	0.9437	0.9774	0.98365	1.00115	0.9888
8.375		0.9711	0.9694	0.99135	0.99465	0.99225	0.99015	0.99475	1.00405	1.0129	0.98875	0.9755	0.9717	0.9355	0.94525	0.9376	0.95965	0.97275	0.9923	0.9807
8.4375		0.9735	0.9773	0.9918	0.98525	0.9925	0.9904	0.987	0.9961	1.00605	0.9866	0.97005	0.9696	0.93855	0.9528	0.9377	0.94655	0.96275	0.9815	0.96735
8.5		0.9738	0.9823	0.9874	0.9799	0.9898	0.99415	0.98785	0.9964	1.009	0.9808	0.9741	0.96375	0.94335	0.9471	0.92395	0.94415	0.9527	0.9672	0.9626
8.5625		0.9681	0.9813	0.985	0.9813	0.9887	0.99225	0.9924	0.992	0.9971	0.9837	0.9665	0.96485	0.9452	0.94	0.92285	0.9371	0.95545	0.9716	0.9547
8.625		0.9673	0.98	0.98665	0.98205	0.9892	0.99415	0.99	0.9816	0.98985	0.9847	0.96045	0.9588	0.94155	0.94435	0.93065	0.9408	0.9478	0.96705	0.95465
8.6875		0.9692	0.9742	0.98375	0.9759	0.98045	0.99185	0.99155	0.983	0.995	0.9803	0.9641	0.9622	0.93395	0.9501	0.91225	0.9331	0.9501	0.95515	0.93465
8.75		0.971	0.9697	0.9729	0.9799	0.968	0.98425	1.00105	0.9865	0.99555	0.97155	0.9691	0.96295	0.9344	0.93485	0.9086	0.9204	0.95	0.94945	0.9414
8.8125		0.9839	0.9778	0.97145	0.97625	0.96945	0.98125	0.99595	0.9861	0.98615	0.9815	0.96925	0.96315	0.93205	0.9314	0.90795	0.9224	0.9504	0.95365	0.9418
8.875		0.986	0.9765	0.9769	0.97515	0.9737	0.9826	0.9888	0.97805	0.98435	0.98625	0.9627	0.9659	0.93915	0.92945	0.89885	0.9204	0.94435	0.9495	0.92995
8.9375		0.9871	0.9898	0.98235	0.98245	0.97695	0.9847	0.99225	0.97725	0.98775	0.9934	0.96335	0.96725	0.94405	0.9335	0.9036	0.9197	0.9502	0.9374	0.9268
9		0.9923	0.9835	0.9852	0.9856	0.96745	0.98275	0.98415	0.97505	0.98705	0.98515	0.96215	0.9627	0.95665	0.9288	0.90235	0.9216	0.94455	0.94565	0.92915
9.0625		0.9892	0.9802	0.9824	0.9886	0.96875	0.983	0.97885	0.98205	0.98885	0.9855	0.96465	0.9652	0.9452	0.9334	0.9027	0.9217	0.9426	0.9459	0.92815
9.125		0.9877	0.9818	0.9893	0.99155	0.96985	0.9877	0.98445	0.98435	0.99155	0.9863	0.96365	0.96175	0.9401	0.9256	0.9046	0.92045	0.94435	0.9499	0.91955
9.1875		0.9984	0.9876	0.9908	0.99285	0.9794	0.98945	0.98195	0.9803	0.9883	0.9994	0.9586	0.9557	0.94685	0.93545	0.9058	0.9287	0.9449	0.94505	0.9195
9.25		0.9937	0.996	0.9953	0.9901	0.9901	0.99505	0.9886	0.9895	0.98585	0.99285	0.95715	0.9646	0.9489	0.9451	0.9019	0.9415	0.95485	0.9444	0.92465
9.3125		0.9957	0.9925	0.98825	0.9819	0.99875	1.0024	0.9816	0.9882	0.98145	0.9982	0.97685	0.95685	0.9456	0.94665	0.90515	0.9293	0.95495	0.96	0.91875
9.375		1.0014	1.0028	0.9967	0.98565	1.00015	0.99925	0.98555	0.98595	0.9809	0.99625	0.9869	0.9599	0.95635	0.94285	0.9078	0.93325	0.94975	0.95555	0.9241
9.4375		1.0089	0.9967	0.99225	0.98305	1.01115	1.0011	0.98465	0.98945	0.98665	1.0089	0.9881	0.9624	0.96225	0.9506	0.91815	0.9397	0.9401	0.9434	0.9291
9.5		1.0135	1.0082	0.9921	0.98575	1.0059	0.9883	0.9817	0.995	0.98535	0.993	0.9864	0.9668	0.9601	0.95405	0.92475	0.93985	0.9366	0.9473	0.936
9.5625		1.0151	0.9924	0.9959	0.993	0.99525	0.99525	0.98745	0.99615	0.9962	0.98775	0.98775	0.97565	0.9583	0.94515	0.93305	0.93375	0.9292	0.9508	0.93575
9.625		1.0162	1.005	1.0006	1.0043	1.00565	0.9923	0.9994	0.99435	0.9933	0.99225	0.98325	0.97525	0.95805	0.95055	0.93635	0.9348	0.9368	0.9459	0.9408
9.6875		1.0166	1.0048	1.0006	1.0059	1.0029	0.99835	1.0029	1.0033	0.99625	0.99985	0.9792	0.9732	0.9688	0.9531	0.9362	0.9424	0.93715	0.9403	0.9363
9.75		1.0171	1.0089	1.00525	1.0133	1.0026	1	1.00565	0.99295	0.99565	0.9932	0.9811	0.97325	0.9791	0.94955	0.9341	0.93805	0.93885	0.93755	0.92455
9.8125		1.0222	1.0107	1.0035	1.01225	1.00145	1.0011	1.00635	0.99695	1.0029	0.99745	0.9897	0.9769	0.97765	0.9446	0.93285	0.93745	0.9391	0.94245	0.9282
9.875		1.0241	1.0147	1.0089	1.0108	1.00235	0.99515	1.00855	0.99845	1.0008	1.0029	0.99655	0.9797	0.97325	0.94935	0.9336	0.9332	0.93405	0.9451	0.93445
9.9375		1.0227	1.0222	1.0046	1.0146	1.00905	1.00495	1.00425	1.00435	1.0031	1.0063	0.998	0.99435	0.97485	0.95	0.937	0.9299	0.93485	0.93785	0.9308
10		1.0151	1.016	1.00045	1.01145	1.0043	0.9981	1.00755	1.0018	0.99875	0.99645	0.99835	1.0033	0.9628	0.95285	0.9409	0.92325	0.93815	0.93905	0.9317
10.0625		1.0148	1.0188	1.00575	1.00285	0.99835	1.0057	1.00525	0.99775	0.9994	0.99375	0.9925	0.9981	0.9728	0.95655	0.944	0.9323	0.93115	0.9364	0.93895
10.125		1.0068	1.0265	0.99745	1.0091	1.00155	1.004	1.0119	1.00465	1.0062	0.9902	0.9902	0.98785	0.9799	0.9576	0.94975	0.9367	0.931	0.94375	0.93075
10.1875		1.0064	1.022	1.00745	1.0019	0.9984	1.0004	1.0065	1.00485	1.0063	0.9927	0.9889	0.9884	0.97515	0.96065	0.95495	0.9364	0.93935	0.9388	0.93035
10.25		1.0077	1.0085	1.01495	1.01015	0.9967	1.00615	1.004	1.0071	1.00145	0.9896	0.9901	0.9943	0.9803	0.95475	0.9469	0.9333	0.9283	0.9413	0.92485
10.3125		1.0009	1.0068	1.0134	1.00485	1.0014	0.99935	0.9971	1.0102	0.9927	0.99685	0.9912	0.98595	0.97365	0.956	0.9415	0.9413	0.92895	0.93175	0.9157
10.375		1.0042	1.0004	1.01375	1.0129	1.0002	1.00175	1.00115	1.00955	0.997	1.0012	0.9887	0.99165	0.97495	0.9545	0.9428	0.9371	0.92765	0.9296	0.915
10.4375		1.0083	1.0151	1.00635	1.01235	0.9965	1.0065	0.9993	1.0049	1.00035	0.99785	0.99155	0.9877	0.98025	0.9598	0.949	0.93175	0.90865	0.9272	0.91005
10.5		1.0043	1.0102	1.00895	1.0042	0.9936	1.00705	1.002	1.00565	0.9959	0.9992	0.9899	0.9876	0.96945	0.9597	0.9509	0.9351	0.91065	0.92635	0.8995
10.5625		0.9996	1.0021	1.0085	1.0013	0.992	1.00835	1.0014	0.9987	0.9946	1.00245	0.9913	0.9874	0.96525	0.95295	0.94675	0.9389	0.91765	0.92915	0.91515
10.625		0.9982	0.9963	1.0038	1.00035	0.9908	1.00325	1.0004	0.9945	0.99535	1.0017	0.98505	0.9809	0.9735	0.9495	0.9379	0.9242	0.9219	0.9264	0.9071
10.6875		0.9983	0.9911	0.9994	1.0011	0.99055	1.0011	1.00105	0.99555	1.00055	0.9931	0.98255	0.98645	0.9695	0.9544	0.9497	0.9169	0.9124	0.9112	0.9015
10.75		0.986	1.0009	1.0029	0.99415	0.99975	0.9946	1.0015	1.00155	1.00295	0.9975	0.98365	0.984	0.9706	0.95065	0.9468	0.91655	0.91095	0.90845	0.8945
10.8125		0.9831	0.9948	0.99825	0.9954	1.00665	0.9947	0.9964	0.9989	1.0053	1.00405	0.984	0.9787	0.96835	0.94485	0.9369	0.9254	0.9046	0.90905	0.90315
10.875		0.9825	0.9938	1.00265	0.9916	1.0074	0.99355	0.99305	0.9914	1.0002	1.0013	0.9853	0.97925	0.95955	0.94705	0.9351	0.9305	0.9155	0.8945	0.89775
10.9375		0.9802	0.99	0.99105	0.9912	0.99415	0.9882	0.9918	0.98275	1.0035	0.9932	0.98555	0.97775	0.96755	0.9424	0.93745	0.92305	0.91645	0.89905	0.8978
11		0.9896	0.9874	0.9931	0.99145	0.99605	0.99045	0.99195	0.9819	0.99615	0.99205	0.9894	0.9804	0.9716	0.94105	0.93075	0.91655	0.9105	0.9126	0.8998
11.0625		0.9948	0.986	0.9907	0.994	0.9989	0.99705	0.98775	0.9843	0.9916	0.98895	0.99085	0.97895	0.95905	0.9234	0.93755	0.91665	0.90875	0.9024	0.89555
11.125		0.9966	0.9824	0.991	0.99435	1.00225	1.00015	0.98645	0.9896	0.99425	0.98475	0.9916	0.97415	0.96435	0.93165	0.9374	0.9225	0.90945	0.89355	0.8833
11.1875		0.9848	0.9775	0.99005	0.9917	0.99985	0.9938	0.9817	0.9913	0.9958	0.9862	0.9881	0.97815	0.96365	0.92465	0.94145	0.9094	0.90985	0.89435	0.88735
11.25		0.9872	0.9761	0.99395	0.98635	0.99475	0.99035	0.9751	0.98935	0.99465	0.9855	0.98875	0.9771	0.97065	0.9281	0.93615	0.9053	0.90755	0.9008	0.8784
11.3125		0.9869	0.9797	0.9876	0.9849	0.98865	0.98545	0.98155	0.9898	0.9922	0.99045	0.98885	0.97565	0.96235	0.9185	0.93805	0.91425	0.90195	0.894	0.8778
11.375		0.9954	0.9831	0.9843	0.99015	0.9862	0.98475	0.98255	0.9907	0.99455	0.9905	0.9846	0.9711	0.96235	0.9227	0.93145	0.9129	0.9049	0.9011	0.8775
11.4375		0.9875	0.9913	0.98535	0.9933	0.985	0.99205	0.98505	0.99115	0.9915	0.9956	0.99	0.97035	0.9628	0.9256	0.93175	0.9152	0.9072	0.90335	0.878
11.5		0.9908	0.997	0.98495	0.98375	0.9888	0.98555	0.9913	0.9931	0.99535	0.99525	0.9915	0.97365	0.9624	0.92465	0.93645	0.91315	0.9026	0.9012	0.87935
11.5625		0.9962	1.0053	0.97695	0.9816	0.99335	0.98775	0.98785	0.9975	0.9914	0.9889	0.9892	0.979	0.96695	0.92225	0.9306	0.9097	0.893	0.89305	0.88545
11.625		0.992	1.0032	0.97765	0.9834	0.9834	0.98705	0.98965	0.9942	0.98545	0.9884	0.99175	0.9794	0.9653	0.9261	0.93625	0.91395	0.88695	0.89225	0.88825
11.6875		1	1.005	0.9763	0.97875	0.9833	0.98855	1.00005	0.99035	0.9935	0.9882	0.9876	0.9787	0.9686	0.9273	0.93055	0.9244	0.8815	0.8802	0.8819
11.75		1.0027	1.0051	0.98085	0.98085	0.98885	0.99175	0.9942	0.99065	0.9936	0.98865	0.97825	0.97815	0.9735	0.93605	0.94215	0.91695	0.88455	0.8819	0.88885
11.8125		0.994	1.0025	0.99105	0.98115	0.98715	0.9937	0.9936	1.00015	0.98835	0.99185	0.97445	0.9812	0.97395	0.94185	0.9402	0.91285	0.89085	0.8793	0.8895
11.875		0.9986	1.0028	0.99845	0.98215	0.98735	0.9858	0.99615	1.0014	0.9807	0.98795	0.97785	0.9784	0.9791	0.9467	0.9418	0.91315	0.88975	0.88555	0.8825
11.9375		0.9967	0.995	1.00305	0.9825	0.98305	0.9845	0.9956	0.99575	0.981	0.98435	0.9808	0.97065	0.9792	0.9526	0.94535	0.9177	0.8859	0.89375	0.8836
12		0.9949	1.0041	1.00865	0.996	0.9807	0.9835	0.9977	0.98805	0.9811	0.991	0.98265	0.97315	0.97645	0.9463	0.9462	0.91615	0.89105	0.8937	0.8905
12.0625		0.9969	1.0047	1.0124	1.0013	0.9829	0.98095	0.9894	0.98915	0.987	0.992	0.9845	0.9818	0.97205	0.95095	0.9543	0.9193	0.9011	0.8995	0.8733
12.125		0.9875	0.9961	1.0158	1.00995	0.98595	0.98255	0.98725	0.9932	0.9903	0.9974	0.9846	0.98715	0.9795	0.95605	0.95065	0.91445	0.89925	0.90265	0.8675
12.1875		0.9897	0.9877	1.0137	1.01325	0.9916	0.9818	0.98525	0.9911	0.99445	0.99615	0.98745	0.98515	0.98355	0.9484	0.9538	0.90655	0.8968	0.90945	0.87375
12.25		0.9915	0.9912	1.01135	1.01395	0.99975	0.9852	0.98165	0.997	0.99245	0.9952	0.98685	0.97935	0.98685	0.9586	0.9592	0.9065	0.8966	0.9029	0.8658
12.3125		0.9941	0.9935	1.01165	1.0045	1.0029	0.98525	0.9814	0.998	0.98925	0.99155	0.99615	0.97875	0.982	0.9602	0.9571	0.91165	0.90095	0.8955	0.86555
12.375		0.9912	1	1.00385	1.004	1.0055	0.98975	0.9759	0.987	0.9924	0.9984	0.9943	0.99285	0.9839	0.9625	0.9539	0.92395	0.9011	0.8917	0.87185
12.4375		0.9835	0.9959	0.99755	1.00365	1.014	0.9973	0.9796	0.98375	0.99865	0.99725	0.99135	0.9876	0.9874	0.9606	0.94945	0.92465	0.89835	0.8971	0.86575
12.5		0.9899	0.9883	0.9954	1.00285	1.0121	1.00125	0.9852	0.99145	0.9993	1.00115	0.9877	0.9918	0.99875	0.9706	0.95995	0.92515	0.89955	0.8937	0.87775
12.5625		0.9906	0.9909	0.99525	0.99985	1.0079	1.0064	0.9916	0.9855	0.99355	0.99635	0.98985	0.98735	0.993	0.96805	0.96295	0.9208	0.9029	0.89405	0.8829
12.625		0.9821	0.9846	0.99895	0.9999	1.01515	1.0089	0.99845	0.9828	0.9898	1.00335	0.9946	0.99155	0.98705	0.9678	0.96255	0.91905	0.90915	0.89005	0.8782
12.6875		0.9805	0.9925	0.99325	1.00005	1.0144	1.01225	1.00465	0.98815	0.98535	0.99365	0.99645	0.9963	0.98255	0.9649	0.95725	0.92455	0.8995	0.89485	0.8809
12.75		0.9768	0.992	0.99465	1.00325	1.0096	1.0177	1.0052	0.9925	0.98295	0.99125	0.9869	0.99615	0.98375	0.9658	0.9678	0.9197	0.90225	0.89365	0.8924
12.8125		0.9818	0.9937	0.9927	1.00535	1.0043	1.0166	1.0096	0.9975	0.98585	0.9927	0.98525	0.9942	0.98395	0.9632	0.964	0.91715	0.89335	0.8869	0.8911
12.875		0.9797	1	0.9928	1.0063	1.00015	1.01285	1.00805	0.9991	0.9839	0.99315	0.9904	0.9893	0.98775	0.9593	0.96685	0.92635	0.8965	0.89135	0.89125
12.9375		0.9762	0.9902	0.9909	0.9944	0.9949	1.00505	1.00755	1.00145	0.98445	1.0009	0.9939	0.9849	0.98655	0.96025	0.9596	0.9264	0.89675	0.895	0.89335
13		0.9771	0.9867	0.99305	0.98845	0.9943	1.0063	1.0027	1.00095	0.9926	0.9948	0.99605	0.98765	0.9854	0.96175	0.96145	0.93315	0.89785	0.896	0.8986
13.0625		0.9767	0.9824	0.9928	0.9952	0.99375	1.01105	1.002	1.00875	1.00065	0.99355	0.9944	0.9912	0.99075	0.96555	0.9662	0.93525	0.89725	0.8929	0.88845
13.125		0.9757	0.984	0.98975	0.99115	0.99205	1.00635	1.0061	1.01515	1.0042	0.9888	0.99905	0.9957	0.9847	0.95845	0.96735	0.9391	0.9014	0.8925	0.88735
13.1875		0.9752	0.9814	0.9857	0.98495	0.9925	0.99525	1.0093	1.0071	1.006	0.98585	0.99495	0.9931	0.9889	0.96075	0.9645	0.93375	0.89675	0.8875	0.8862
13.25		0.9735	0.9801	0.9835	0.9809	0.9895	0.99575	1.0067	1.00375	1.0115	0.99175	0.99695	0.98925	0.9876	0.9613	0.9698	0.93245	0.90035	0.88735	0.8839
13.3125		0.973	0.9763	0.97945	0.9833	0.9872	0.9963	1.0041	1.0034	1.01495	0.99075	0.9952	0.99015	0.9846	0.96115	0.96565	0.9294	0.90655	0.88765	0.8931
13.375		0.9776	0.9726	0.97555	0.9794	0.982	0.9947	1.0014	1.0034	1.0073	0.99975	0.9874	0.99225	0.98345	0.9655	0.9623	0.93325	0.9081	0.87965	0.89175
13.4375		0.9759	0.9686	0.98065	0.98	0.98115	0.9939	1.0024	0.9999	1.0101	1.0101	0.985	0.9863	0.9869	0.9664	0.9644	0.93925	0.9079	0.8727	0.89705
13.5		0.9835	0.9698	0.9796	0.98065	0.98245	0.9939	0.99815	0.99775	1.0133	1.00795	0.9842	0.9929	0.99055	0.964	0.9651	0.93755	0.90855	0.8719	0.90095
13.5625		0.9873	0.9683	0.98455	0.98035	0.98085	0.99535	1.00235	0.99895	1.00695	1.00845	0.9911	0.99285	0.98985	0.9687	0.97875	0.93565	0.9055	0.87395	0.88645
13.625		0.986	0.9724	0.97925	0.98605	0.9854	0.9941	1.001	1.0011	1.0065	1.0075	0.99115	1.00005	0.9947	0.9742	0.98315	0.9299	0.9072	0.87705	0.89045
13.6875		0.9858	0.9791	0.9798	0.98835	0.98945	0.99065	1	0.99855	1.0037	1.01085	0.99285	1.00615	0.99465	0.9734	0.97975	0.93485	0.90905	0.88985	0.8927
13.75		0.9813	0.9785	0.978	0.9858	0.99385	0.98555	1.0004	0.9963	1.00155	1.0088	0.99785	0.99705	0.9973	0.984	0.98375	0.9432	0.91275	0.8962	0.8855
13.8125		0.9888	0.986	0.98415	0.98275	0.99175	0.9815	0.99515	0.99205	0.9982	1.0066	0.9988	0.9918	0.99045	0.9704	0.98475	0.94365	0.9196	0.8966	0.89195
13.875		0.9871	0.9888	0.9788	0.98275	0.9909	0.9804	0.9952	0.992	0.99925	1.00335	1.0055	0.9819	0.99335	0.98175	0.98965	0.94385	0.9055	0.89725	0.89555
13.9375		0.988	0.9861	0.97635	0.98375	0.99395	0.98215	0.99435	0.99365	1.00095	1.00165	1.0069	0.9848	0.99305	0.9811	0.99045	0.94815	0.90315	0.90065	0.89465
14		0.9848	0.9815	0.9778	0.9821	0.9927	0.97745	0.99255	0.9968	0.99575	1.001	1.00805	0.9808	0.9956	0.9798	0.98865	0.9441	0.9048	0.90165	0.8943
14.0625		0.9883	0.9821	0.97285	0.98015	0.98705	0.97375	0.99335	0.99085	0.9958	1.00315	1.00635	0.97615	0.995	0.98105	0.98705	0.94375	0.9092	0.9041	0.8916
14.125		0.9895	0.9806	0.97435	0.9834	0.98375	0.9758	0.99125	0.9938	0.9973	1.00165	1.0066	0.98525	0.99335	0.97555	0.9898	0.94085	0.91475	0.9066	0.89485
14.1875		0.9851	0.9835	0.97145	0.98345	0.984	0.97985	0.98465	0.9937	0.99215	1.0046	1.00385	0.9922	0.99	0.9783	0.98775	0.94365	0.9214	0.9077	0.8953
14.25		0.9875	0.989	0.97285	0.98235	0.98445	0.97865	0.9885	0.99555	0.98885	1.0044	1.004	1.0025	0.98615	0.97905	0.98535	0.9483	0.9181	0.909	0.89105
14.3125		0.9846	0.9914	0.97815	0.98575	0.98735	0.9815	0.9892	0.9924	0.9834	1.0013	1.00325	1.00615	0.9855	0.9789	0.9822	0.94795	0.91865	0.90475	0.8971
14.375		0.9885	0.9868	0.98495	0.98015	0.98425	0.9816	0.98985	0.9899	0.9811	0.99575	1.0022	1.01025	0.9833	0.98665	0.97905	0.9546	0.92585	0.90655	0.90375
14.4375		0.9916	0.9871	0.9892	0.9755	0.97675	0.98215	0.98545	0.98815	0.98085	0.99335	1.003	1.0074	0.9829	0.99235	0.98085	0.957	0.93095	0.8901	0.89675
14.5		0.9954	0.9878	0.98865	0.97495	0.97875	0.9814	0.9839	0.9866	0.98265	0.995	1.0009	1.0074	0.99435	0.99055	0.98265	0.9562	0.93525	0.903	0.91
14.5625		0.9975	0.9805	0.98685	0.97645	0.98005	0.9829	0.98495	0.98645	0.9837	0.9957	0.99925	1.00875	0.99845	0.9872	0.98515	0.9544	0.9432	0.90935	0.9175
14.625		0.9972	0.9879	0.9846	0.9791	0.97875	0.9816	0.9835	0.9908	0.9876	0.995	1.0029	1.00545	1.0108	0.98775	0.9886	0.95655	0.9373	0.9085	0.9188
14.6875		0.9934	0.9866	0.98475	0.9827	0.9844	0.9845	0.98355	0.991	0.99295	0.995	1.0035	1.00315	1.018	0.9796	0.98715	0.9578	0.93225	0.90145	0.91415
14.75		0.9972	0.9896	0.9933	0.9848	0.98545	0.9874	0.98055	0.99235	0.99205	1.00015	1.0032	0.99275	1.0147	0.9822	0.98655	0.9599	0.9335	0.9046	0.9243
14.8125		0.9903	0.9965	0.9904	0.9886	0.98275	0.988	0.9792	0.99205	0.99255	0.99375	1.00105	0.9959	1.01065	0.98475	0.9942	0.96645	0.93965	0.90555	0.91545
14.875		0.9934	0.9937	0.99065	0.98815	0.98215	0.99145	0.9762	0.9905	0.9923	0.9919	1.005	0.99435	1.01565	0.9825	0.99985	0.97025	0.93915	0.9143	0.9172
14.9375		0.9965	1.0008	0.99115	0.98745	0.98565	0.98535	0.97985	0.9817	0.98925	0.99495	1.00745	0.99315	1.01055	0.995	0.99925	0.96525	0.94155	0.9109	0.917
15		0.9997	0.9942	0.99345	0.98275	0.9882	0.98995	0.98345	0.9813	0.99005	0.9906	1.00515	0.99405	1.0165	1.00275	0.9942	0.9721	0.94085	0.9136	0.915
15.0625		1.0026	0.9903	0.99745	0.9864	0.9874	0.98805	0.98745	0.98305	0.98675	0.9885	0.9995	0.9916	1.0155	1.01105	0.9965	0.97155	0.94315	0.918	0.917
15.125		1.0072	0.9969	0.9949	0.98995	0.98795	0.98645	0.98605	0.98245	0.98895	0.9912	1.00485	0.99175	1.00795	1.0193	0.99205	0.97705	0.9442	0.9202	0.9124
15.1875		1.0023	0.9958	0.9953	0.99215	0.98525	0.9898	0.9865	0.9867	0.9823	0.99295	1.00065	0.9957	1.01065	1.02575	0.99345	0.96495	0.94455	0.92325	0.92065
15.25		1.0038	0.9973	0.996	0.99135	0.98835	0.98455	0.98615	0.983	0.9836	0.99115	0.9913	0.99775	1.0039	1.02315	0.9951	0.9737	0.94385	0.9143	0.92065
15.3125		0.9984	0.9966	0.99385	0.9929	0.99175	0.98305	0.98265	0.98565	0.9873	0.9906	0.99065	1.00035	1.002	1.01885	0.99645	0.9747	0.9481	0.9113	0.92035
15.375		0.9976	0.9989	0.9952	0.99565	0.99125	0.9828	0.9832	0.98825	0.9925	0.98895	0.9959	1.0018	1.00895	1.0198	1.00035	0.9771	0.9454	0.9198	0.92155
15.4375		0.994	0.993	0.9968	0.99065	0.99485	0.98595	0.9833	0.98415	0.9938	0.99045	0.99685	1.00175	1.005	1.02295	1.00475	0.97155	0.9411	0.92515	0.92215
15.5		0.9929	0.9966	0.9968	0.9905	0.9908	0.98745	0.9855	0.98695	0.9952	0.99425	0.9946	1.0002	1.00415	1.0195	1.0142	0.97345	0.9417	0.92655	0.92895
15.5625		0.9981	0.9996	0.9974	0.99	0.99055	0.99495	0.98365	0.9862	0.99495	0.9908	0.9915	1.00265	1.0034	1.02225	1.01445	0.97535	0.93915	0.92225	0.9286
15.625		1.0016	0.9976	1.00155	0.992	0.99185	0.9903	0.9875	0.9837	0.98315	0.98665	0.99115	0.998	1.0027	1.02215	1.02105	0.97665	0.9358	0.926	0.9334
15.6875		0.9986	0.997	1.0012	0.99285	0.9989	0.9875	0.9934	0.97555	0.98035	0.98365	0.9862	0.99355	1.0001	1.02065	1.01955	0.97315	0.93325	0.9372	0.9343
15.75		1.003	0.9927	0.999	1.0001	0.99935	0.98845	0.9896	0.9759	0.983	0.98545	0.98635	0.99395	1.00205	1.0139	1.01735	0.9756	0.94275	0.94215	0.9327
15.8125		1.0074	0.9921	1.0026	1.00375	1.00395	0.98885	0.9904	0.97705	0.9865	0.98285	0.9853	0.99865	1.00525	1.009	1.01115	0.99015	0.94145	0.94305	0.9382
15.875		1.0097	0.9977	1.004	1.0074	1.00135	0.99105	0.9917	0.97985	0.9852	0.98195	0.9878	0.994	1.0007	1.00765	1.01565	0.99925	0.9487	0.94305	0.9419
15.9375		1.0011	0.9974	1.0007	1.00555	0.997	0.9928	0.9935	0.9825	0.98285	0.98305	0.9856	0.9873	0.9964	0.99885	1.01555	0.99995	0.94995	0.94565	0.9453
16		1	1.0013	0.99495	1.00575	1.00205	0.9961	0.9974	0.98535	0.9812	0.9841	0.9859	0.9913	0.9966	1.00275	1.0141	1.0052	0.9529	0.94605	0.94195
